0	9.0
1	9.0
2	9.0
3	9.75
4	10.5
5	10.5
6	11.25
7	12.0
8	12.75
9	14.25
10	16.5
11	20.25
12	23.25
13	24.0
14	23.25
15	22.5
16	23.25
17	24.0
18	24.0
19	24.75
20	26.25
21	27.0
22	27.0
23	27.75
24	29.25
25	30.0
26	30.0
27	30.75
28	31.5
29	31.5
30	32.25
31	33.0
32	33.0
33	33.0
34	33.75
35	35.25
36	36.0
37	36.75
38	37.5
39	36.75
40	36.0
41	36.0
42	36.0
43	36.0
44	35.25
45	34.5
46	35.25
47	36.0
48	36.0
49	36.0
50	36.0
51	36.0
52	36.75
53	38.25
54	39.0
55	39.0
56	39.0
57	39.0
58	38.25
59	37.5
60	37.5
61	36.75
62	36.0
63	36.75
64	38.25
65	38.25
66	36.75
67	36.0
68	36.0
69	35.25
70	35.25
71	37.5
72	39.0
73	39.0
74	39.0
75	39.0
76	39.0
77	39.0
78	39.0
79	39.0
80	39.0
81	39.0
82	39.0
83	39.0
84	39.75
85	40.5
86	39.75
87	39.0
88	39.0
89	38.25
90	37.5
91	38.25
92	39.75
93	40.5
94	39.75
95	39.75
96	41.25
97	42.0
98	41.25
99	40.5
100	41.25
101	42.75
102	42.75
103	41.25
104	40.5
105	40.5
106	41.25
107	41.25
108	39.75
109	39.0
110	39.0
111	39.0
112	39.0
113	39.0
114	39.0
115	39.0
116	39.0
117	39.0
118	39.75
119	41.25
120	42.0
121	42.0
122	42.0
123	41.25
124	39.75
125	39.75
126	41.25
127	42.0
128	41.25
129	39.75
130	39.0
131	39.0
132	39.0
133	39.0
134	39.0
135	39.0
136	39.0
137	39.75
138	41.25
139	42.0
140	42.0
141	42.0
142	42.0
143	42.0
144	42.0
145	42.0
146	42.0
147	42.0
148	42.0
149	41.25
150	39.75
151	39.0
152	39.75
153	40.5
154	40.5
155	40.5
156	39.75
157	39.0
158	39.0
159	39.0
160	39.0
161	39.75
162	41.25
163	42.0
164	42.0
165	42.0
166	42.0
167	42.0
168	41.25
169	39.75
170	39.75
171	40.5
172	39.75
173	39.75
174	40.5
175	39.75
176	39.0
177	39.0
178	39.0
179	39.0
180	39.0
181	39.0
182	39.0
183	39.75
184	41.25
185	42.75
186	43.5
187	42.75
188	42.0
189	42.0
190	42.0
191	42.0
192	42.0
193	42.0
194	42.0
195	41.25
196	39.75
197	39.0
198	39.0
199	39.0
200	39.0
201	39.0
202	39.0
203	39.0
204	39.75
205	41.25
206	42.0
207	42.0
208	42.0
209	42.0
210	42.0
211	42.0
212	42.0
213	42.0
214	42.0
215	42.0
216	42.0
217	42.0
218	41.25
219	39.75
220	39.75
221	40.5
222	39.75
223	39.0
224	39.75
225	41.25
226	42.0
227	41.25
228	40.5
229	40.5
230	39.75
231	39.0
232	39.0
233	39.0
234	39.0
235	39.0
236	39.75
237	41.25
238	41.25
239	40.5
240	41.25
241	42.75
242	43.5
243	42.75
244	42.0
245	42.0
246	42.0
247	42.0
248	42.0
249	42.0
250	42.0
251	42.0
252	41.25
253	40.5
254	40.5
255	40.5
256	40.5
257	39.75
258	39.75
259	41.25
260	42.0
261	42.0
262	42.0
263	42.75
264	44.25
265	44.25
266	42.75
267	42.75
268	43.5
269	42.75
270	42.0
271	42.0
272	42.0
273	41.25
274	39.75
275	39.0
276	39.0
277	39.75
278	40.5
279	39.75
280	39.75
281	41.25
282	42.0
283	42.0
284	42.0
285	42.75
286	43.5
287	42.75
288	42.0
289	42.0
290	42.0
291	42.0
292	42.0
293	42.0
294	42.0
295	42.0
296	41.25
297	39.75
298	39.75
299	40.5
300	39.75
301	39.75
302	40.5
303	40.5
304	41.25
305	42.0
306	42.0
307	42.0
308	42.0
309	42.0
310	42.75
311	43.5
312	43.5
313	43.5
314	42.75
315	42.0
316	42.0
317	42.0
318	42.0
319	42.0
320	41.25
321	40.5
322	40.5
323	39.75
324	39.0
325	39.75
326	41.25
327	42.0
328	42.0
329	42.0
330	42.0
331	42.0
332	42.75
333	43.5
334	42.75
335	42.0
336	42.0
337	42.0
338	41.25
339	40.5
340	40.5
341	40.5
342	40.5
343	39.75
344	39.0
345	39.75
346	41.25
347	41.25
348	40.5
349	41.25
350	42.0
351	42.75
352	43.5
353	42.75
354	42.0
355	42.75
356	43.5
357	42.75
358	42.0
359	42.0
360	42.0
361	42.0
362	42.0
363	41.25
364	40.5
365	40.5
366	39.75
367	39.0
368	39.0
369	39.75
370	41.25
371	42.0
372	42.0
373	42.0
374	42.75
375	43.5
376	42.75
377	42.0
378	42.0
379	42.0
380	42.0
381	42.0
382	42.0
383	41.25
384	40.5
385	40.5
386	39.75
387	39.0
388	39.0
389	39.0
390	39.0
391	39.75
392	41.25
393	42.0
394	42.0
395	42.0
396	42.0
397	42.75
398	43.5
399	42.75
400	42.0
401	42.0
402	42.0
403	42.0
404	42.0
405	42.0
406	41.25
407	39.75
408	39.0
409	39.75
410	40.5
411	39.75
412	39.0
413	39.75
414	41.25
415	42.0
416	42.0
417	42.0
418	42.0
419	42.0
420	42.0
421	42.0
422	42.0
423	42.0
424	42.75
425	43.5
426	42.75
427	42.0
428	42.0
429	42.0
430	41.25
431	39.75
432	39.0
433	39.75
434	40.5
435	41.25
436	42.0
437	41.25
438	41.25
439	42.0
440	42.0
441	42.0
442	42.75
443	43.5
444	42.75
445	42.0
446	42.0
447	41.25
448	40.5
449	41.25
450	42.0
451	42.0
452	42.0
453	41.25
454	40.5
455	40.5
456	39.75
457	39.75
458	41.25
459	42.0
460	42.0
461	42.0
462	42.0
463	42.0
464	42.75
465	43.5
466	42.75
467	42.0
468	42.0
469	42.0
470	42.0
471	42.0
472	41.25
473	40.5
474	40.5
475	39.75
476	39.0
477	39.0
478	39.0
479	39.75
480	41.25
481	42.0
482	42.0
483	42.0
484	42.0
485	42.0
486	42.0
487	42.0
488	42.0
489	42.0
490	42.0
491	42.0
492	42.0
493	42.0
494	42.0
495	42.0
496	42.0
497	41.25
498	39.75
499	39.75
500	41.25
501	42.0
502	42.75
503	43.5
504	42.75
505	42.75
506	44.25
507	44.25
508	43.5
509	43.5
510	42.75
511	42.0
512	42.0
513	42.0
514	41.25
515	40.5
516	40.5
517	39.75
518	38.25
519	37.5
520	38.25
521	39.75
522	40.5
523	40.5
524	41.25
525	42.0
526	42.0
527	42.0
528	42.75
529	43.5
530	42.75
531	42.0
532	42.0
533	42.0
534	42.0
535	42.0
536	42.0
537	41.25
538	40.5
539	41.25
540	41.25
541	40.5
542	40.5
543	39.75
544	39.75
545	41.25
546	42.0
547	42.0
548	42.75
549	43.5
550	42.75
551	42.0
552	42.0
553	42.0
554	42.0
555	42.0
556	42.0
557	42.0
558	41.25
559	40.5
560	41.25
561	41.25
562	39.75
563	39.0
564	39.75
565	40.5
566	40.5
567	41.25
568	42.75
569	43.5
570	42.75
571	42.75
572	43.5
573	42.75
574	42.0
575	42.0
576	42.0
577	42.0
578	42.0
579	42.0
580	42.75
581	42.75
582	40.5
583	39.0
584	39.0
585	39.0
586	39.0
587	39.0
588	39.75
589	41.25
590	42.0
591	42.0
592	42.0
593	42.0
594	42.0
595	42.0
596	42.0
597	42.0
598	42.0
599	41.25
600	40.5
601	40.5
602	39.75
603	39.0
604	39.75
605	40.5
606	39.75
607	39.0
608	39.75
609	40.5
610	40.5
611	41.25
612	42.0
613	42.0
614	42.0
615	42.0
616	42.75
617	44.25
618	44.25
619	42.75
620	42.0
621	42.0
622	42.75
623	43.5
624	42.75
625	42.0
626	42.0
627	42.0
628	41.25
629	39.75
630	39.0
631	39.0
632	39.0
633	39.75
634	41.25
635	42.0
636	42.0
637	42.75
638	43.5
639	43.5
640	44.25
641	44.25
642	42.75
643	42.0
644	42.0
645	42.0
646	42.0
647	42.0
648	41.25
649	40.5
650	40.5
651	39.75
652	39.0
653	39.0
654	39.75
655	41.25
656	42.0
657	42.0
658	42.0
659	42.75
660	43.5
661	42.75
662	42.0
663	42.0
664	42.0
665	42.0
666	42.0
667	42.0
668	42.0
669	42.0
670	41.25
671	39.75
672	39.0
673	39.0
674	39.75
675	41.25
676	42.0
677	42.0
678	42.0
679	42.0
680	42.0
681	42.0
682	42.75
683	43.5
684	43.5
685	43.5
686	42.75
687	42.0
688	42.0
689	42.0
690	42.0
691	42.0
692	41.25
693	39.75
694	39.0
695	39.0
696	39.75
697	41.25
698	42.0
699	42.0
700	42.0
701	42.0
702	42.0
703	42.0
704	42.75
705	43.5
706	42.75
707	42.0
708	42.0
709	42.0
710	42.0
711	42.0
712	41.25
713	40.5
714	40.5
715	39.75
716	39.0
717	39.75
718	40.5
719	39.75
720	39.75
721	42.0
722	44.25
723	44.25
724	42.75
725	42.0
726	42.0
727	41.25
728	40.5
729	41.25
730	42.0
731	42.0
732	42.0
733	42.0
734	42.0
735	42.0
736	42.0
737	42.0
738	41.25
739	40.5
740	40.5
741	39.75
742	39.75
743	41.25
744	42.0
745	42.0
746	42.0
747	42.0
748	42.0
749	42.75
750	43.5
751	43.5
752	43.5
753	42.75
754	42.0
755	42.0
756	42.0
757	42.0
758	41.25
759	39.75
760	39.0
761	39.0
762	39.0
763	39.0
764	39.75
765	41.25
766	42.0
767	42.0
768	42.0
769	42.0
770	42.0
771	42.0
772	42.0
773	42.0
774	42.0
775	42.0
776	42.0
777	42.0
778	41.25
779	40.5
780	41.25
781	42.0
782	42.0
783	41.25
784	39.75
785	39.75
786	41.25
787	42.0
788	42.0
789	42.75
790	43.5
791	43.5
792	43.5
793	42.75
794	42.0
795	42.0
796	42.0
797	42.0
798	42.0
799	42.0
800	42.0
801	41.25
802	40.5
803	40.5
804	40.5
805	40.5
806	40.5
807	41.25
808	42.0
809	42.0
810	42.0
811	42.0
812	42.0
813	42.0
814	42.0
815	42.0
816	42.0
817	42.75
818	43.5
819	43.5
820	43.5
821	42.75
822	42.0
823	41.25
824	39.75
825	39.0
826	39.0
827	39.75
828	41.25
829	41.25
830	40.5
831	40.5
832	40.5
833	41.25
834	42.75
835	43.5
836	42.75
837	42.0
838	42.0
839	42.75
840	43.5
841	42.75
842	42.0
843	42.0
844	42.0
845	42.0
846	41.25
847	39.75
848	39.75
849	40.5
850	40.5
851	40.5
852	40.5
853	41.25
854	42.0
855	42.0
856	42.75
857	44.25
858	45.0
859	44.25
860	42.75
861	42.0
862	42.0
863	42.0
864	42.0
865	42.0
866	42.0
867	42.0
868	41.25
869	40.5
870	40.5
871	39.75
872	39.0
873	39.75
874	41.25
875	42.0
876	42.0
877	42.75
878	44.25
879	44.25
880	42.75
881	42.0
882	42.0
883	42.0
884	42.0
885	42.0
886	42.0
887	42.0
888	42.0
889	42.0
890	41.25
891	41.25
892	42.75
893	42.0
894	40.5
895	40.5
896	40.5
897	41.25
898	42.0
899	42.0
900	42.0
901	42.0
902	42.0
903	42.0
904	42.75
905	43.5
906	42.75
907	42.0
908	42.0
909	42.0
910	42.0
911	42.0
912	41.25
913	39.75
914	39.0
915	39.0
916	39.0
917	39.75
918	41.25
919	42.0
920	42.0
921	42.0
922	42.0
923	42.0
924	42.0
925	42.0
926	42.0
927	42.0
928	42.0
929	42.0
930	42.0
931	42.0
932	41.25
933	39.75
934	39.0
935	39.0
936	39.0
937	39.0
938	39.0
939	39.75
940	41.25
941	42.0
942	42.0
943	42.0
944	42.75
945	43.5
946	42.75
947	42.0
948	42.0
949	42.0
950	42.0
951	42.0
952	42.0
953	42.0
954	42.0
955	41.25
956	40.5
957	40.5
958	40.5
959	41.25
960	41.25
961	40.5
962	42.0
963	43.5
964	42.75
965	42.0
966	42.0
967	43.5
968	45.0
969	44.25
970	43.5
971	42.75
972	42.0
973	42.0
974	42.0
975	42.0
976	42.0
977	42.0
978	41.25
979	40.5
980	40.5
981	39.75
982	39.0
983	39.0
984	39.75
985	41.25
986	42.0
987	42.75
988	44.25
989	45.0
990	44.25
991	42.75
992	42.0
993	42.0
994	42.0
995	42.0
996	42.0
997	42.0
998	42.0
999	42.0
1000	41.25
1001	40.5
1002	41.25
1003	41.25
1004	40.5
1005	41.25
1006	42.0
1007	42.0
1008	42.75
1009	44.25
1010	44.25
1011	42.75
1012	42.75
1013	43.5
1014	43.5
1015	43.5
1016	42.0
1017	40.5
1018	41.25
1019	42.0
1020	42.0
1021	42.0
1022	41.25
1023	39.75
1024	39.0
1025	39.0
1026	39.75
1027	41.25
1028	42.0
1029	42.0
1030	42.0
1031	42.0
1032	42.0
1033	42.0
1034	42.0
1035	42.0
1036	42.0
1037	42.0
1038	41.25
1039	39.75
1040	39.75
1041	41.25
1042	42.0
1043	41.25
1044	40.5
1045	39.75
1046	38.25
1047	38.25
1048	39.0
1049	39.75
1050	41.25
1051	42.0
1052	42.0
1053	42.0
1054	42.0
1055	42.0
1056	42.75
1057	43.5
1058	42.75
1059	42.0
1060	42.0
1061	42.75
1062	43.5
1063	42.75
1064	42.0
1065	42.0
1066	41.25
1067	40.5
1068	40.5
1069	40.5
1070	41.25
1071	42.0
1072	41.25
1073	40.5
1074	41.25
1075	42.0
1076	42.0
1077	42.0
1078	42.0
1079	42.0
1080	42.75
1081	43.5
1082	43.5
1083	43.5
1084	42.75
1085	42.0
1086	42.0
1087	41.25
1088	40.5
1089	40.5
1090	39.75
1091	39.0
1092	39.0
1093	39.75
1094	41.25
1095	42.0
1096	42.0
1097	42.0
1098	42.0
1099	42.75
1100	42.75
1101	41.25
1102	41.25
1103	42.0
1104	42.0
1105	42.0
1106	41.25
1107	40.5
1108	40.5
1109	39.75
1110	39.75
1111	40.5
1112	40.5
1113	40.5
1114	40.5
1115	40.5
1116	40.5
1117	41.25
1118	42.0
1119	42.0
1120	42.75
1121	44.25
1122	44.25
1123	43.5
1124	43.5
1125	42.75
1126	42.0
1127	42.0
1128	42.0
1129	42.0
1130	42.0
1131	41.25
1132	39.75
1133	39.0
1134	39.0
1135	39.0
1136	39.0
1137	39.75
1138	41.25
1139	42.0
1140	42.0
1141	42.75
1142	43.5
1143	42.75
1144	42.0
1145	42.0
1146	42.0
1147	42.0
1148	42.0
1149	42.0
1150	42.0
1151	42.0
1152	42.0
1153	42.0
1154	41.25
1155	40.5
1156	41.25
1157	41.25
1158	40.5
1159	41.25
1160	42.0
1161	42.0
1162	42.0
1163	42.0
1164	42.75
1165	43.5
1166	43.5
1167	43.5
1168	43.5
1169	43.5
1170	42.75
1171	42.0
1172	42.0
1173	42.0
1174	41.25
1175	39.75
1176	39.0
1177	39.75
1178	40.5
1179	39.75
1180	39.0
1181	39.0
1182	39.75
1183	42.0
1184	43.5
1185	42.75
1186	42.0
1187	42.0
1188	41.25
1189	40.5
1190	41.25
1191	42.0
1192	42.0
1193	42.0
1194	42.0
1195	42.0
1196	41.25
1197	39.75
1198	39.0
1199	39.0
1200	39.0
1201	39.0
1202	39.0
1203	39.75
1204	40.5
1205	40.5
1206	41.25
1207	42.75
1208	43.5
1209	42.75
1210	42.0
1211	42.0
1212	42.0
1213	42.0
1214	42.0
1215	42.0
1216	41.25
1217	39.75
1218	39.0
1219	39.0
1220	39.0
1221	39.0
1222	39.0
1223	39.0
1224	39.75
1225	41.25
1226	42.0
1227	42.0
1228	42.0
1229	42.75
1230	43.5
1231	43.5
1232	43.5
1233	43.5
1234	43.5
1235	42.75
1236	42.0
1237	42.0
1238	42.0
1239	41.25
1240	39.75
1241	39.75
1242	41.25
1243	42.0
1244	41.25
1245	39.75
1246	39.75
1247	40.5
1248	40.5
1249	41.25
1250	42.0
1251	42.0
1252	42.75
1253	43.5
1254	42.75
1255	42.0
1256	42.0
1257	42.0
1258	42.0
1259	42.0
1260	42.75
1261	42.75
1262	40.5
1263	39.75
1264	40.5
1265	39.75
1266	39.0
1267	39.0
1268	39.75
1269	41.25
1270	42.0
1271	42.0
1272	42.0
1273	42.0
1274	42.0
1275	42.75
1276	43.5
1277	42.75
1278	42.0
1279	42.0
1280	42.0
1281	42.0
1282	42.0
1283	42.0
1284	42.0
1285	41.25
1286	39.75
1287	39.0
1288	39.0
1289	39.0
1290	39.0
1291	39.75
1292	41.25
1293	42.0
1294	42.0
1295	42.0
1296	42.0
1297	42.75
1298	43.5
1299	43.5
1300	43.5
1301	42.75
1302	41.25
1303	40.5
1304	41.25
1305	42.0
1306	41.25
1307	39.75
1308	39.0
1309	39.0
1310	39.0
1311	39.75
1312	41.25
1313	42.0
1314	42.0
1315	42.0
1316	42.0
1317	42.0
1318	42.0
1319	42.0
1320	42.0
1321	42.0
1322	42.0
1323	42.0
1324	42.0
1325	42.0
1326	42.0
1327	42.0
1328	42.75
1329	44.25
1330	45.0
1331	44.25
1332	42.75
1333	42.0
1334	42.0
1335	41.25
1336	39.75
1337	39.75
1338	41.25
1339	42.0
1340	42.0
1341	42.0
1342	42.75
1343	43.5
1344	42.75
1345	42.0
1346	42.0
1347	42.0
1348	42.0
1349	42.0
1350	42.0
1351	42.0
1352	42.0
1353	42.0
1354	42.75
1355	44.25
1356	44.25
1357	43.5
1358	44.25
1359	44.25
1360	42.75
1361	42.0
1362	42.0
1363	41.25
1364	39.75
1365	39.0
1366	39.75
1367	41.25
1368	42.0
1369	42.0
1370	42.0
1371	42.0
1372	42.0
1373	42.0
1374	42.0
1375	42.0
1376	41.25
1377	39.75
1378	39.0
1379	39.0
1380	39.0
1381	39.75
1382	41.25
1383	42.0
1384	42.75
1385	43.5
1386	42.75
1387	42.0
1388	42.0
1389	42.75
1390	42.75
1391	40.5
1392	39.0
1393	39.0
1394	39.0
1395	39.75
1396	41.25
1397	42.0
1398	42.0
1399	42.0
1400	42.0
1401	42.0
1402	42.0
1403	42.0
1404	41.25
1405	39.75
1406	39.0
1407	39.0
1408	39.75
1409	42.0
1410	43.5
1411	43.5
1412	43.5
1413	43.5
1414	43.5
1415	42.75
1416	42.0
1417	42.0
1418	41.25
1419	40.5
1420	40.5
1421	39.75
1422	39.75
1423	41.25
1424	42.75
1425	43.5
1426	42.75
1427	42.75
1428	43.5
1429	42.75
1430	42.0
1431	42.0
1432	42.0
1433	42.0
1434	42.0
1435	41.25
1436	40.5
1437	41.25
1438	42.0
1439	42.0
1440	42.0
1441	42.0
1442	42.0
1443	42.0
1444	42.0
1445	42.0
1446	41.25
1447	40.5
1448	40.5
1449	39.75
1450	39.0
1451	39.75
1452	41.25
1453	42.0
1454	42.0
1455	42.0
1456	42.0
1457	42.0
1458	42.0
1459	42.0
1460	42.0
1461	41.25
1462	39.75
1463	39.0
1464	39.0
1465	39.75
1466	41.25
1467	42.75
1468	43.5
1469	42.75
1470	42.0
1471	42.0
1472	42.0
1473	42.0
1474	42.0
1475	42.0
1476	41.25
1477	39.75
1478	39.75
1479	41.25
1480	42.0
1481	42.0
1482	42.0
1483	42.0
1484	42.0
1485	42.0
1486	42.0
1487	42.0
1488	42.0
1489	41.25
1490	39.75
1491	39.0
1492	39.75
1493	41.25
1494	42.0
1495	42.0
1496	42.75
1497	43.5
1498	42.75
1499	42.0
1500	42.0
1501	42.0
1502	42.0
1503	42.0
1504	41.25
1505	39.75
1506	39.0
1507	39.0
1508	39.75
1509	41.25
1510	42.0
1511	42.0
1512	42.0
1513	42.0
1514	42.0
1515	42.0
1516	42.0
1517	42.0
1518	41.25
1519	40.5
1520	41.25
1521	42.0
1522	42.0
1523	42.75
1524	43.5
1525	43.5
1526	43.5
1527	42.75
1528	42.0
1529	42.0
1530	42.0
1531	41.25
1532	39.75
1533	39.0
1534	39.0
1535	39.0
1536	39.75
1537	41.25
1538	42.0
1539	42.0
1540	42.0
1541	42.0
1542	42.0
1543	42.0
1544	42.0
1545	41.25
1546	39.75
1547	39.0
1548	39.0
1549	39.75
1550	41.25
1551	42.0
1552	42.0
1553	42.0
1554	42.0
1555	42.0
1556	42.0
1557	42.0
1558	42.0
1559	41.25
1560	40.5
1561	40.5
1562	39.75
1563	39.0
1564	39.0
1565	39.75
1566	42.0
1567	44.25
1568	44.25
1569	42.75
1570	42.0
1571	42.0
1572	41.25
1573	40.5
1574	41.25
1575	41.25
1576	40.5
1577	41.25
1578	42.0
1579	42.0
1580	42.75
1581	43.5
1582	43.5
1583	43.5
1584	42.75
1585	42.0
1586	42.0
1587	42.0
1588	42.0
1589	41.25
1590	39.75
1591	39.75
1592	41.25
1593	42.0
1594	42.0
1595	42.75
1596	43.5
1597	42.75
1598	42.0
1599	42.0
1600	42.0
1601	41.25
1602	39.75
1603	39.0
1604	39.0
1605	39.75
1606	41.25
1607	42.0
1608	42.0
1609	42.0
1610	42.0
1611	42.0
1612	42.0
1613	42.0
1614	42.0
1615	42.0
1616	42.0
1617	41.25
1618	39.75
1619	39.0
1620	39.75
1621	41.25
1622	42.0
1623	42.0
1624	42.0
1625	42.0
1626	42.0
1627	42.0
1628	42.0
1629	42.0
1630	41.25
1631	40.5
1632	40.5
1633	40.5
1634	41.25
1635	42.0
1636	42.0
1637	42.75
1638	43.5
1639	42.75
1640	42.0
1641	42.0
1642	41.25
1643	40.5
1644	40.5
1645	39.75
1646	39.0
1647	39.75
1648	41.25
1649	42.0
1650	366.75
1651	967.5
1652	1281.75
1653	1380.0
1654	1413.0
1655	1419.75
1656	1478.25
1657	1417.5
1658	1221.75
1659	939.75
1660	477.046875
1661	-7.359375
1662	-201.5625
1663	799.640625
1664	2588.296875
1665	3370.5
1666	3430.5
1667	3292.5
1668	2583.0
1669	1599.0
1670	1727.25
1671	2915.25
1672	3422.25
1673	3270.0
1674	3149.25
1675	3105.75
1676	2743.5
1677	2230.5
1678	2236.5
1679	2080.5
1680	1757.25
1681	1962.0
1682	2011.5
1683	1665.0
1684	1087.5
1685	341.296875
1686	32.34375
1687	77.34375
1688	-8.109375
1689	-104.8125
1690	-144.5625
1691	-107.859375
1692	609.796875
1693	1805.25
1694	2503.5
1695	2984.25
1696	3486.0
1697	3665.25
1698	3621.75
1699	3533.25
1700	3422.25
1701	3078.0
1702	2566.5
1703	2176.5
1704	2023.5
1705	1995.75
1706	1870.5
1707	1670.25
1708	1561.5
1709	1603.5
1710	1633.5
1711	1609.5
1712	1671.0
1713	1812.0
1714	1976.25
1715	2151.0
1716	2208.75
1717	1981.5
1718	1597.5
1719	1374.0
1720	1349.25
1721	1359.0
1722	1401.0
1723	1449.75
1724	1431.0
1725	1290.75
1726	1146.0
1727	1176.0
1728	1157.25
1729	1100.25
1730	1149.0
1731	1194.75
1732	1269.75
1733	1269.75
1734	1178.25
1735	1085.25
1736	939.75
1737	889.5
1738	988.5
1739	1121.25
1740	1122.75
1741	931.5
1742	766.5
1743	705.0
1744	774.75
1745	815.25
1746	660.75
1747	550.5
1748	585.0
1749	683.25
1750	661.5
1751	543.75
1752	496.5
1753	474.0
1754	510.75
1755	533.25
1756	471.0
1757	438.0
1758	453.75
1759	498.75
1760	488.25
1761	392.25
1762	334.5
1763	303.0
1764	318.0
1765	354.75
1766	255.0
1767	130.5
1768	142.5
1769	197.25
1770	207.75
1771	209.25
1772	206.25
1773	201.0
1774	177.0
1775	130.5
1776	104.25
1777	133.5
1778	197.25
1779	202.5
1780	151.5
1781	111.0
1782	132.0
1783	205.5
1784	186.0
1785	117.0
1786	84.796875
1787	51.09375
1788	60.796875
1789	46.5
1790	51.0
1791	67.546875
1792	75.84375
1793	121.59375
1794	142.59375
1795	174.046875
1796	141.0
1797	164.25
1798	291.75
1799	201.046875
1800	46.59375
1801	57.84375
1802	132.84375
1803	236.296875
1804	229.5
1805	175.5
1806	253.5
1807	347.25
1808	296.25
1809	214.5
1810	241.5
1811	331.5
1812	396.75
1813	338.25
1814	282.0
1815	321.75
1816	405.0
1817	449.25
1818	434.25
1819	454.5
1820	443.25
1821	414.75
1822	359.25
1823	273.0
1824	302.25
1825	369.0
1826	401.25
1827	366.75
1828	291.0
1829	289.5
1830	290.25
1831	303.0
1832	324.0
1833	303.75
1834	292.5
1835	201.0
1836	177.0
1837	303.0
1838	357.0
1839	328.5
1840	317.25
1841	337.5
1842	319.5
1843	303.75
1844	323.25
1845	262.5
1846	171.75
1847	148.5
1848	159.0
1849	198.75
1850	209.25
1851	165.0
1852	84.796875
1853	30.84375
1854	81.796875
1855	130.5
1856	125.25
1857	113.25
1858	54.046875
1859	6.84375
1860	39.046875
1861	66.0
1862	81.75
1863	60.796875
1864	-5.859375
1865	-35.0625
1866	-41.8125
1867	-15.609375
1868	10.59375
1869	-25.359375
1870	-44.0625
1871	-59.0625
1872	-78.5625
1873	-69.5625
1874	-46.359375
1875	-31.40625
1876	-31.40625
1877	16.546875
1878	15.796875
1879	-25.40625
1880	-32.90625
1881	-27.65625
1882	-11.15625
1883	-42.65625
1884	-19.453125
1885	-3.703125
1886	-59.90625
1887	20.296875
1888	116.296875
1889	87.09375
1890	6.09375
1891	-88.359375
1892	-107.8125
1893	-42.609375
1894	72.046875
1895	72.046875
1896	-43.359375
1897	-50.0625
1898	31.640625
1899	129.046875
1900	198.75
1901	230.25
1902	197.25
1903	120.75
1904	68.296875
1905	51.09375
1906	104.296875
1907	128.25
1908	120.0
1909	108.046875
1910	70.59375
1911	113.296875
1912	135.75
1913	145.5
1914	202.5
1915	182.25
1916	156.0
1917	155.25
1918	207.75
1919	285.0
1920	247.5
1921	189.0
1922	176.25
1923	189.75
1924	217.5
1925	239.25
1926	228.75
1927	169.5
1928	153.75
1929	174.75
1930	183.0
1931	202.5
1932	214.5
1933	224.25
1934	239.25
1935	246.0
1936	222.0
1937	204.0
1938	243.0
1939	272.25
1940	242.25
1941	197.25
1942	192.75
1943	190.5
1944	171.0
1945	210.0
1946	243.75
1947	163.5
1948	100.5
1949	127.5
1950	151.5
1951	162.0
1952	157.5
1953	138.75
1954	92.25
1955	68.25
1956	105.0
1957	123.75
1958	142.5
1959	143.25
1960	69.796875
1961	18.09375
1962	60.046875
1963	111.0
1964	77.296875
1965	13.59375
1966	-0.703125
1967	1.546875
1968	3.09375
1969	51.046875
1970	70.546875
1971	2.390625
1972	-52.3125
1973	-43.359375
1974	15.796875
1975	43.546875
1976	0.890625
1977	-65.8125
1978	-71.109375
1979	-2.15625
1980	18.09375
1981	-15.65625
1982	-60.609375
1983	-49.359375
1984	-6.65625
1985	-44.109375
1986	-84.5625
1987	-99.5625
1988	-82.359375
1989	-37.40625
1990	-71.859375
1991	-114.5625
1992	-113.0625
1993	-68.859375
1994	-5.90625
1995	30.09375
1996	45.84375
1997	-11.109375
1998	-28.359375
1999	27.046875
2000	62.25
2001	66.046875
2002	12.140625
2003	-11.109375
2004	22.546875
2005	48.75
2006	87.0
2007	96.75
2008	78.0
2009	76.5
2010	63.0
2011	66.0
2012	109.5
2013	135.0
2014	105.0
2015	81.0
2016	84.0
2017	107.25
2018	162.75
2019	178.5
2020	157.5
2021	130.5
2022	90.0
2023	105.0
2024	170.25
2025	185.25
2026	146.25
2027	111.75
2028	113.25
2029	141.0
2030	162.0
2031	181.5
2032	192.75
2033	177.75
2034	151.5
2035	137.25
2036	166.5
2037	211.5
2038	219.75
2039	182.25
2040	136.5
2041	133.5
2042	152.25
2043	181.5
2044	194.25
2045	174.75
2046	167.25
2047	164.25
2048	155.25
2049	150.75
2050	163.5
2051	158.25
2052	127.5
2053	120.75
2054	128.25
2055	128.25
2056	127.5
2057	134.25
2058	137.25
2059	130.5
2060	111.75
2061	100.5
2062	108.75
2063	116.25
2064	115.5
2065	90.75
2066	54.75
2067	30.75
2068	21.0
2069	57.75
2070	85.5
2071	34.546875
2072	-40.359375
2073	-68.859375
2074	-10.453125
2075	29.296875
2076	3.09375
2077	-23.90625
2078	-58.359375
2079	-38.859375
2080	-10.40625
2081	-23.90625
2082	-17.90625
2083	-20.859375
2084	-29.8125
2085	-46.3125
2086	-51.609375
2087	-34.40625
2088	-31.40625
2089	-23.90625
2090	-52.359375
2091	-58.359375
2092	12.046875
2093	20.296875
2094	-19.40625
2095	-24.65625
2096	-17.90625
2097	6.796875
2098	12.796875
2099	2.34375
2100	0.84375
2101	-22.359375
2102	-24.609375
2103	-14.90625
2104	-8.15625
2105	12.84375
2106	12.09375
2107	4.59375
2108	1.59375
2109	15.796875
2110	24.796875
2111	14.34375
2112	41.296875
2113	66.75
2114	45.75
2115	25.5
2116	36.0
2117	77.25
2118	116.25
2119	103.5
2120	72.75
2121	78.75
2122	106.5
2123	111.75
2124	101.25
2125	93.75
2126	88.5
2127	96.0
2128	102.75
2129	124.5
2130	156.75
2131	150.75
2132	117.0
2133	82.5
2134	87.0
2135	122.25
2136	120.0
2137	96.75
2138	99.0
2139	107.25
2140	96.75
2141	107.25
2142	133.5
2143	132.75
2144	129.0
2145	138.75
2146	130.5
2147	100.5
2148	108.75
2149	126.0
2150	123.0
2151	126.75
2152	111.0
2153	101.25
2154	132.0
2155	173.25
2156	168.0
2157	123.0
2158	75.75
2159	54.75
2160	74.25
2161	91.5
2162	109.5
2163	113.25
2164	89.25
2165	72.75
2166	60.0
2167	89.25
2168	111.0
2169	75.0
2170	56.25
2171	33.75
2172	30.0
2173	48.75
2174	35.25
2175	28.5
2176	16.546875
2177	4.59375
2178	11.34375
2179	11.34375
2180	12.796875
2181	-2.203125
2182	-29.859375
2183	-38.0625
2184	-27.609375
2185	-14.15625
2186	6.09375
2187	36.046875
2188	19.546875
2189	-20.859375
2190	-32.8125
2191	-26.859375
2192	-11.15625
2193	-10.359375
2194	-14.0625
2195	-19.3125
2196	-32.0625
2197	-34.3125
2198	-38.0625
2199	-21.609375
2200	-6.65625
2201	-21.65625
2202	-30.65625
2203	-44.109375
2204	-21.609375
2205	21.09375
2206	25.59375
2207	24.09375
2208	0.890625
2209	-17.109375
2210	-1.40625
2211	3.84375
2212	20.296875
2213	44.25
2214	29.25
2215	0.796875
2216	13.59375
2217	64.546875
2218	81.0
2219	60.75
2220	54.75
2221	54.75
2222	52.5
2223	69.75
2224	96.0
2225	97.5
2226	87.75
2227	75.75
2228	73.5
2229	89.25
2230	106.5
2231	121.5
2232	115.5
2233	103.5
2234	107.25
2235	101.25
2236	108.75
2237	150.75
2238	154.5
2239	105.75
2240	73.5
2241	75.0
2242	99.0
2243	127.5
2244	135.0
2245	106.5
2246	53.25
2247	45.75
2248	84.0
2249	116.25
2250	127.5
2251	102.0
2252	73.5
2253	61.5
2254	72.75
2255	103.5
2256	120.0
2257	115.5
2258	93.0
2259	78.0
2260	82.5
2261	99.75
2262	119.25
2263	108.0
2264	78.75
2265	68.25
2266	65.25
2267	68.25
2268	90.75
2269	106.5
2270	79.5
2271	36.75
2272	21.0
2273	38.25
2274	72.75
2275	78.75
2276	49.5
2277	22.5
2278	8.25
2279	22.5
2280	44.25
2281	27.75
2282	-0.703125
2283	-23.859375
2284	-31.3125
2285	-22.3125
2286	-5.109375
2287	10.59375
2288	-1.40625
2289	-10.40625
2290	-20.109375
2291	-31.359375
2292	-10.453125
2293	17.25
2294	28.5
2295	9.796875
2296	-19.359375
2297	-27.5625
2298	-12.609375
2299	27.796875
2300	40.546875
2301	12.09375
2302	-14.15625
2303	-25.40625
2304	-2.203125
2305	21.75
2306	11.296875
2307	-14.859375
2308	-32.8125
2309	-26.0625
2310	-7.359375
2311	11.296875
2312	20.25
2313	6.046875
2314	-10.40625
2315	-10.40625
2316	-1.40625
2317	13.546875
2318	32.25
2319	41.25
2320	28.5
2321	18.0
2322	22.5
2323	36.75
2324	53.25
2325	56.25
2326	45.0
2327	33.0
2328	46.5
2329	70.5
2330	76.5
2331	66.75
2332	60.75
2333	50.296875
2334	36.84375
2335	51.046875
2336	75.0
2337	99.0
2338	113.25
2339	99.75
2340	78.0
2341	79.5
2342	99.75
2343	119.25
2344	133.5
2345	117.0
2346	75.75
2347	69.75
2348	103.5
2349	132.0
2350	132.75
2351	99.75
2352	69.75
2353	72.0
2354	90.0
2355	109.5
2356	108.75
2357	87.75
2358	70.5
2359	57.0
2360	63.75
2361	92.25
2362	107.25
2363	93.0
2364	71.25
2365	65.25
2366	61.5
2367	74.25
2368	94.5
2369	85.5
2370	63.0
2371	42.75
2372	39.75
2373	57.75
2374	77.25
2375	82.5
2376	57.75
2377	27.75
2378	19.5
2379	34.5
2380	64.5
2381	59.25
2382	30.75
2383	15.046875
2384	11.34375
2385	26.296875
2386	39.75
2387	45.0
2388	33.0
2389	11.25
2390	3.75
2391	8.25
2392	24.0
2393	34.5
2394	31.5
2395	11.296875
2396	-14.109375
2397	-17.0625
2398	-8.859375
2399	12.796875
2400	32.25
2401	14.296875
2402	-4.40625
2403	-0.65625
2404	6.09375
2405	18.796875
2406	29.25
2407	19.546875
2408	-8.109375
2409	-31.3125
2410	-14.859375
2411	22.546875
2412	30.75
2413	13.546875
2414	-4.359375
2415	-10.3125
2416	-2.859375
2417	16.546875
2418	35.25
2419	36.75
2420	23.296875
2421	3.140625
2422	0.890625
2423	33.796875
2424	67.5
2425	66.75
2426	45.75
2427	21.046875
2428	12.84375
2429	38.296875
2430	68.25
2431	68.25
2432	52.5
2433	42.75
2434	36.75
2435	45.75
2436	72.75
2437	93.0
2438	87.75
2439	69.75
2440	60.0
2441	64.5
2442	82.5
2443	101.25
2444	95.25
2445	73.5
2446	63.75
2447	70.5
2448	92.25
2449	116.25
2450	119.25
2451	90.75
2452	60.0
2453	60.75
2454	79.5
2455	95.25
2456	99.75
2457	77.25
2458	57.0
2459	62.25
2460	80.25
2461	96.75
2462	89.25
2463	70.5
2464	56.25
2465	56.25
2466	59.25
2467	62.25
2468	77.25
2469	83.25
2470	72.75
2471	63.0
2472	66.0
2473	72.75
2474	72.0
2475	57.0
2476	43.5
2477	38.25
2478	43.5
2479	57.75
2480	57.0
2481	44.25
2482	37.5
2483	36.75
2484	26.25
2485	26.25
2486	39.0
2487	39.75
2488	36.75
2489	21.046875
2490	1.59375
2491	7.546875
2492	32.25
2493	51.0
2494	39.0
2495	4.546875
2496	-14.109375
2497	-0.609375
2498	30.046875
2499	48.0
2500	37.5
2501	15.046875
2502	3.09375
2503	11.296875
2504	34.5
2505	48.75
2506	36.75
2507	12.796875
2508	2.34375
2509	6.046875
2510	21.75
2511	36.75
2512	26.25
2513	14.25
2514	7.546875
2515	0.09375
2516	9.046875
2517	25.5
2518	33.0
2519	24.75
2520	15.0
2521	13.5
2522	17.25
2523	30.75
2524	45.75
2525	46.5
2526	35.25
2527	27.0
2528	33.0
2529	49.5
2530	63.75
2531	66.0
2532	51.75
2533	33.0
2534	30.0
2535	42.75
2536	60.0
2537	69.75
2538	63.0
2539	46.5
2540	39.0
2541	53.25
2542	66.0
2543	72.0
2544	76.5
2545	64.5
2546	48.75
2547	48.75
2548	69.75
2549	87.75
2550	84.0
2551	66.75
2552	48.75
2553	49.5
2554	69.75
2555	89.25
2556	89.25
2557	77.25
2558	63.75
2559	50.25
2560	66.0
2561	93.75
2562	93.0
2563	78.75
2564	62.25
2565	57.75
2566	66.0
2567	72.75
2568	82.5
2569	80.25
2570	62.25
2571	49.5
2572	46.5
2573	57.0
2574	72.0
2575	68.25
2576	51.0
2577	39.0
2578	36.0
2579	41.25
2580	54.0
2581	58.5
2582	51.0
2583	38.25
2584	29.25
2585	39.75
2586	53.25
2587	55.5
2588	51.0
2589	40.5
2590	37.5
2591	38.25
2592	39.0
2593	47.25
2594	51.75
2595	42.0
2596	24.75
2597	22.5
2598	32.25
2599	40.5
2600	48.0
2601	42.0
2602	22.5
2603	14.25
2604	25.5
2605	42.0
2606	47.25
2607	34.5
2608	16.5
2609	9.75
2610	18.75
2611	32.25
2612	38.25
2613	36.0
2614	25.5
2615	10.5
2616	11.25
2617	31.5
2618	43.5
2619	38.25
2620	24.75
2621	14.25
2622	20.25
2623	40.5
2624	56.25
2625	54.75
2626	40.5
2627	27.75
2628	27.0
2629	39.0
2630	56.25
2631	56.25
2632	40.5
2633	33.0
2634	30.75
2635	36.75
2636	52.5
2637	55.5
2638	47.25
2639	36.75
2640	31.5
2641	37.5
2642	51.75
2643	63.0
2644	57.0
2645	57.0
2646	70.5
2647	71.25
2648	62.25
2649	63.75
2650	75.75
2651	77.25
2652	59.25
2653	45.0
2654	52.5
2655	67.5
2656	64.5
2657	51.75
2658	56.25
2659	64.5
2660	57.75
2661	54.75
2662	66.75
2663	76.5
2664	70.5
2665	54.75
2666	49.5
2667	55.5
2668	51.75
2669	43.5
2670	48.75
2671	54.75
2672	45.0
2673	36.0
2674	45.75
2675	57.0
2676	51.75
2677	36.0
2678	30.75
2679	41.25
2680	44.25
2681	36.75
2682	34.5
2683	37.5
2684	33.0
2685	26.25
2686	33.75
2687	42.75
2688	36.75
2689	25.5
2690	26.25
2691	39.0
2692	42.75
2693	34.5
2694	31.5
2695	36.0
2696	33.0
2697	23.25
2698	31.5
2699	47.25
2700	41.25
2701	30.0
2702	36.75
2703	45.0
2704	37.5
2705	32.25
2706	43.5
2707	57.0
2708	56.25
2709	45.75
2710	48.75
2711	63.0
2712	62.25
2713	54.0
2714	56.25
2715	57.75
2716	50.25
2717	46.5
2718	53.25
2719	62.25
2720	64.5
2721	54.75
2722	49.5
2723	60.0
2724	62.25
2725	52.5
2726	52.5
2727	57.0
2728	48.75
2729	39.75
2730	47.25
2731	55.5
2732	48.0
2733	35.25
2734	36.0
2735	50.25
2736	51.75
2737	42.0
2738	45.0
2739	48.75
2740	37.5
2741	29.25
2742	36.0
2743	39.0
2744	31.5
2745	26.25
2746	27.75
2747	35.25
2748	40.5
2749	35.25
2750	32.25
2751	38.25
2752	37.5
2753	32.25
2754	38.25
2755	44.25
2756	40.5
2757	34.5
2758	32.25
2759	38.25
2760	42.75
2761	39.75
2762	42.0
2763	49.5
2764	46.5
2765	35.25
2766	36.75
2767	48.75
2768	49.5
2769	45.75
2770	50.25
2771	52.5
2772	47.25
2773	45.0
2774	49.5
2775	54.0
2776	51.0
2777	43.5
2778	46.5
2779	56.25
2780	57.0
2781	54.0
2782	54.0
2783	51.75
2784	48.75
2785	47.25
2786	46.5
2787	48.0
2788	49.5
2789	45.75
2790	45.75
2791	55.5
2792	58.5
2793	49.5
2794	44.25
2795	48.75
2796	51.75
2797	50.25
2798	51.75
2799	54.75
2800	51.75
2801	44.25
2802	42.75
2803	48.75
2804	49.5
2805	43.5
2806	42.0
2807	43.5
2808	39.0
2809	33.0
2810	36.75
2811	41.25
2812	36.0
2813	33.0
2814	36.75
2815	42.0
2816	45.75
2817	43.5
2818	38.25
2819	36.75
2820	36.75
2821	33.75
2822	35.25
2823	40.5
2824	39.75
2825	37.5
2826	37.5
2827	38.25
2828	40.5
2829	42.0
2830	43.5
2831	48.0
2832	48.0
2833	41.25
2834	42.75
2835	51.0
2836	47.25
2837	36.75
2838	36.75
2839	43.5
2840	46.5
2841	46.5
2842	49.5
2843	53.25
2844	50.25
2845	43.5
2846	45.75
2847	54.75
2848	52.5
2849	44.25
2850	45.75
2851	48.75
2852	45.75
2853	45.75
2854	48.75
2855	48.0
2856	45.75
2857	45.0
2858	47.25
2859	53.25
2860	54.75
2861	49.5
2862	47.25
2863	46.5
2864	42.75
2865	41.25
2866	43.5
2867	45.0
2868	42.75
2869	37.5
2870	36.75
2871	42.75
2872	44.25
2873	37.5
2874	36.0
2875	42.75
2876	42.0
2877	36.0
2878	41.25
2879	48.0
2880	41.25
2881	36.75
2882	44.25
2883	47.25
2884	39.75
2885	36.0
2886	43.5
2887	47.25
2888	39.0
2889	33.75
2890	38.25
2891	40.5
2892	38.25
2893	42.0
2894	47.25
2895	46.5
2896	44.25
2897	43.5
2898	45.0
2899	47.25
2900	47.25
2901	46.5
2902	48.0
2903	51.0
2904	49.5
2905	45.0
2906	48.75
2907	52.5
2908	46.5
2909	42.0
2910	45.75
2911	51.75
2912	48.75
2913	41.25
2914	44.25
2915	50.25
2916	46.5
2917	43.5
2918	50.25
2919	52.5
2920	43.5
2921	39.0
2922	45.0
2923	49.5
2924	45.75
2925	40.5
2926	42.0
2927	46.5
2928	44.25
2929	41.25
2930	46.5
2931	48.0
2932	40.5
2933	38.25
2934	42.0
2935	42.75
2936	40.5
2937	38.25
2938	41.25
2939	45.0
2940	39.75
2941	33.75
2942	37.5
2943	42.0
2944	39.0
2945	37.5
2946	41.25
2947	42.75
2948	38.25
2949	34.5
2950	39.0
2951	42.75
2952	38.25
2953	35.25
2954	41.25
2955	47.25
2956	43.5
2957	42.0
2958	48.0
2959	46.5
2960	40.5
2961	42.75
2962	48.75
2963	48.75
2964	44.25
2965	43.5
2966	46.5
2967	46.5
2968	42.0
2969	42.0
2970	48.75
2971	50.25
2972	45.75
2973	44.25
2974	48.0
2975	51.0
2976	47.25
2977	42.75
2978	46.5
2979	52.5
2980	48.0
2981	41.25
2982	47.25
2983	51.75
2984	42.75
2985	38.25
2986	47.25
2987	52.5
2988	45.75
2989	43.5
2990	49.5
2991	48.75
2992	40.5
2993	38.25
2994	45.0
2995	46.5
2996	39.0
2997	36.75
2998	42.75
2999	45.0
3000	41.25
3001	40.5
3002	42.0
3003	42.0
3004	41.25
3005	40.5
3006	44.25
3007	47.25
3008	42.75
3009	37.5
3010	39.75
3011	45.75
3012	44.25
3013	38.25
3014	38.25
3015	42.0
3016	39.75
3017	35.25
3018	39.75
3019	46.5
3020	43.5
3021	39.0
3022	43.5
3023	46.5
3024	39.75
3025	36.75
3026	45.0
3027	48.75
3028	42.0
3029	39.0
3030	45.75
3031	51.0
3032	46.5
3033	42.0
3034	45.0
3035	47.25
3036	42.75
3037	41.25
3038	48.0
3039	51.0
3040	46.5
3041	42.75
3042	45.0
3043	50.25
3044	49.5
3045	44.25
3046	43.5
3047	45.75
3048	42.75
3049	38.25
3050	43.5
3051	48.75
3052	42.0
3053	38.25
3054	46.5
3055	53.25
3056	48.75
3057	42.75
3058	47.25
3059	51.75
3060	44.25
3061	36.75
3062	42.75
3063	48.75
3064	41.25
3065	35.25
3066	40.5
3067	43.5
3068	39.0
3069	39.0
3070	45.75
3071	48.0
3072	42.75
3073	39.0
3074	42.0
3075	45.0
3076	41.25
3077	38.25
3078	42.0
3079	44.25
3080	40.5
3081	37.5
3082	41.25
3083	45.0
3084	42.0
3085	37.5
3086	40.5
3087	48.0
3088	45.75
3089	38.25
3090	39.75
3091	44.25
3092	41.25
3093	38.25
3094	45.0
3095	50.25
3096	44.25
3097	40.5
3098	45.75
3099	48.0
3100	42.75
3101	40.5
3102	46.5
3103	50.25
3104	45.0
3105	40.5
3106	45.0
3107	48.75
3108	45.0
3109	44.25
3110	48.0
3111	48.0
3112	44.25
3113	42.0
3114	45.0
3115	49.5
3116	48.0
3117	42.0
3118	42.0
3119	47.25
3120	46.5
3121	42.0
3122	42.75
3123	46.5
3124	45.0
3125	39.75
3126	40.5
3127	44.25
3128	42.0
3129	38.25
3130	42.75
3131	50.25
3132	46.5
3133	40.5
3134	44.25
3135	46.5
3136	41.25
3137	38.25
3138	42.75
3139	45.75
3140	42.0
3141	39.0
3142	42.0
3143	44.25
3144	40.5
3145	38.25
3146	41.25
3147	43.5
3148	41.25
3149	38.25
3150	39.75
3151	43.5
3152	43.5
3153	39.75
3154	39.75
3155	45.75
3156	48.0
3157	42.75
3158	40.5
3159	44.25
3160	42.75
3161	37.5
3162	40.5
3163	45.75
3164	44.25
3165	41.25
3166	42.0
3167	46.5
3168	47.25
3169	44.25
3170	47.25
3171	50.25
3172	45.75
3173	42.0
3174	45.75
3175	49.5
3176	45.75
3177	41.25
3178	42.75
3179	46.5
3180	46.5
3181	45.0
3182	46.5
3183	48.75
3184	47.25
3185	42.0
3186	41.25
3187	45.0
3188	44.25
3189	40.5
3190	39.75
3191	42.0
3192	42.0
3193	39.0
3194	41.25
3195	47.25
3196	46.5
3197	40.5
3198	40.5
3199	45.75
3200	44.25
3201	38.25
3202	38.25
3203	42.75
3204	42.75
3205	39.75
3206	41.25
3207	44.25
3208	43.5
3209	40.5
3210	41.25
3211	45.75
3212	46.5
3213	43.5
3214	42.0
3215	43.5
3216	44.25
3217	41.25
3218	39.75
3219	41.25
3220	42.0
3221	41.25
3222	41.25
3223	44.25
3224	47.25
3225	47.25
3226	45.75
3227	46.5
3228	48.0
3229	45.0
3230	42.75
3231	45.75
3232	46.5
3233	42.75
3234	42.0
3235	46.5
3236	48.75
3237	45.75
3238	44.25
3239	48.0
3240	50.25
3241	47.25
3242	45.0
3243	45.75
3244	45.75
3245	42.75
3246	42.0
3247	45.75
3248	46.5
3249	44.25
3250	43.5
3251	43.5
3252	44.25
3253	44.25
3254	43.5
3255	44.25
3256	44.25
3257	41.25
3258	38.25
3259	39.75
3260	41.25
3261	39.0
3262	37.5
3263	38.25
3264	40.5
3265	40.5
3266	39.0
3267	41.25
3268	43.5
3269	41.25
3270	38.25
3271	39.75
3272	42.75
3273	41.25
3274	39.0
3275	40.5
3276	42.0
3277	40.5
3278	39.75
3279	42.75
3280	44.25
3281	42.75
3282	42.75
3283	45.75
3284	48.0
3285	45.75
3286	44.25
3287	45.75
3288	45.75
3289	44.25
3290	42.75
3291	42.75
3292	43.5
3293	42.75
3294	42.75
3295	45.0
3296	46.5
3297	45.0
3298	43.5
3299	45.0
