0	9.0
1	9.0
2	9.0
3	9.0
4	9.75
5	11.25
6	12.0
7	12.0
8	12.0
9	12.0
10	14.25
11	18.75
12	21.0
13	21.0
14	21.0
15	21.0
16	21.0
17	21.0
18	21.0
19	21.0
20	21.0
21	23.25
22	27.75
23	30.0
24	30.75
25	31.5
26	30.75
27	30.0
28	30.0
29	30.0
30	30.75
31	32.25
32	33.0
33	33.75
34	35.25
35	36.0
36	36.0
37	36.0
38	36.0
39	36.75
40	37.5
41	37.5
42	38.25
43	38.25
44	36.75
45	36.75
46	37.5
47	36.75
48	36.0
49	36.0
50	36.0
51	36.0
52	36.75
53	38.25
54	39.0
55	39.0
56	39.0
57	39.0
58	39.0
59	39.0
60	39.0
61	39.0
62	39.0
63	38.25
64	36.75
65	36.0
66	36.0
67	36.0
68	36.0
69	35.25
70	34.5
71	35.25
72	36.0
73	36.0
74	36.0
75	36.0
76	36.0
77	36.0
78	36.0
79	36.0
80	36.75
81	38.25
82	38.25
83	36.75
84	36.0
85	36.0
86	36.0
87	36.0
88	36.0
89	36.0
90	36.0
91	36.0
92	36.75
93	38.25
94	39.0
95	39.0
96	39.0
97	39.75
98	41.25
99	42.0
100	42.0
101	42.0
102	42.0
103	42.0
104	42.0
105	42.0
106	42.0
107	42.0
108	42.0
109	42.0
110	42.0
111	42.0
112	42.0
113	42.0
114	42.0
115	42.0
116	42.0
117	42.0
118	41.25
119	41.25
120	42.75
121	42.75
122	42.0
123	42.0
124	42.0
125	42.0
126	41.25
127	39.75
128	39.0
129	39.0
130	39.0
131	38.25
132	37.5
133	38.25
134	39.0
135	39.0
136	39.0
137	39.0
138	39.0
139	39.0
140	39.0
141	39.0
142	39.0
143	39.0
144	39.0
145	39.0
146	39.75
147	41.25
148	41.25
149	39.75
150	39.0
151	39.0
152	39.0
153	39.0
154	39.0
155	39.0
156	39.0
157	39.0
158	39.0
159	39.0
160	39.75
161	40.5
162	40.5
163	41.25
164	41.25
165	40.5
166	41.25
167	42.0
168	42.0
169	42.0
170	41.25
171	40.5
172	41.25
173	41.25
174	40.5
175	40.5
176	39.75
177	39.0
178	39.0
179	39.0
180	39.0
181	39.0
182	39.0
183	39.75
184	41.25
185	42.0
186	42.0
187	41.25
188	40.5
189	42.0
190	43.5
191	42.75
192	42.0
193	42.0
194	42.0
195	41.25
196	39.75
197	39.75
198	40.5
199	39.75
200	39.0
201	39.75
202	40.5
203	40.5
204	41.25
205	42.0
206	42.0
207	42.0
208	42.0
209	42.0
210	42.0
211	42.0
212	42.0
213	42.0
214	41.25
215	39.75
216	39.0
217	39.0
218	39.0
219	39.0
220	39.0
221	39.0
222	39.0
223	39.0
224	39.0
225	39.0
226	39.0
227	39.0
228	39.75
229	41.25
230	42.0
231	42.75
232	43.5
233	42.75
234	42.0
235	42.0
236	41.25
237	39.75
238	39.0
239	39.0
240	39.0
241	39.0
242	39.0
243	39.0
244	39.0
245	39.0
246	39.0
247	39.0
248	39.0
249	39.0
250	39.0
251	39.75
252	41.25
253	42.0
254	42.0
255	42.0
256	42.0
257	42.0
258	41.25
259	39.75
260	39.0
261	39.0
262	39.0
263	39.0
264	39.0
265	39.0
266	39.75
267	41.25
268	41.25
269	39.75
270	39.75
271	41.25
272	42.0
273	42.0
274	42.0
275	42.75
276	44.25
277	44.25
278	43.5
279	43.5
280	42.75
281	42.0
282	42.0
283	41.25
284	40.5
285	40.5
286	39.75
287	39.0
288	39.0
289	39.75
290	40.5
291	40.5
292	41.25
293	42.0
294	42.0
295	42.0
296	42.0
297	42.0
298	42.0
299	42.0
300	42.0
301	41.25
302	39.75
303	39.0
304	39.0
305	38.25
306	36.75
307	36.0
308	36.75
309	37.5
310	37.5
311	38.25
312	39.0
313	39.0
314	39.0
315	39.75
316	40.5
317	40.5
318	41.25
319	42.0
320	42.0
321	42.0
322	42.0
323	42.0
324	42.0
325	41.25
326	40.5
327	40.5
328	39.75
329	39.0
330	39.0
331	39.0
332	39.0
333	39.75
334	40.5
335	40.5
336	41.25
337	42.0
338	42.0
339	42.75
340	43.5
341	42.75
342	42.0
343	42.0
344	42.0
345	42.0
346	42.0
347	42.0
348	42.0
349	42.0
350	42.0
351	42.0
352	42.0
353	42.75
354	44.25
355	44.25
356	42.75
357	42.0
358	42.0
359	42.0
360	42.0
361	41.25
362	41.25
363	43.5
364	44.25
365	42.75
366	42.0
367	41.25
368	39.75
369	39.0
370	39.0
371	39.0
372	39.0
373	39.0
374	39.0
375	39.0
376	38.25
377	37.5
378	38.25
379	39.0
380	39.0
381	39.0
382	39.0
383	39.0
384	39.0
385	39.0
386	40.5
387	42.0
388	40.5
389	39.0
390	39.0
391	39.0
392	39.0
393	39.75
394	40.5
395	39.75
396	39.0
397	39.0
398	39.0
399	38.25
400	37.5
401	39.0
402	41.25
403	42.0
404	42.75
405	43.5
406	42.75
407	42.75
408	43.5
409	42.75
410	42.0
411	42.0
412	42.0
413	41.25
414	40.5
415	40.5
416	39.75
417	39.0
418	39.0
419	39.0
420	39.0
421	39.75
422	40.5
423	40.5
424	41.25
425	42.0
426	42.0
427	42.0
428	42.0
429	42.0
430	42.0
431	42.0
432	42.0
433	41.25
434	39.75
435	39.0
436	39.0
437	39.0
438	39.0
439	39.0
440	39.0
441	39.0
442	39.0
443	39.0
444	39.0
445	39.75
446	41.25
447	42.0
448	42.0
449	42.0
450	42.0
451	42.0
452	42.0
453	42.0
454	42.0
455	42.0
456	42.0
457	41.25
458	39.75
459	39.0
460	39.0
461	39.0
462	39.0
463	39.0
464	39.0
465	39.75
466	40.5
467	39.75
468	39.0
469	39.75
470	40.5
471	40.5
472	41.25
473	42.0
474	41.25
475	39.75
476	39.0
477	39.0
478	39.0
479	39.0
480	39.0
481	39.0
482	39.0
483	39.75
484	40.5
485	39.75
486	39.0
487	39.0
488	39.0
489	39.75
490	41.25
491	42.0
492	42.75
493	43.5
494	42.75
495	42.0
496	42.0
497	42.0
498	42.0
499	42.0
500	42.0
501	42.0
502	42.0
503	42.0
504	42.0
505	42.0
506	42.0
507	42.0
508	42.0
509	42.0
510	42.0
511	42.75
512	43.5
513	42.75
514	42.0
515	42.0
516	42.75
517	43.5
518	42.75
519	42.0
520	42.0
521	41.25
522	39.75
523	39.0
524	39.0
525	39.0
526	39.0
527	39.0
528	39.0
529	39.0
530	39.0
531	39.0
532	39.0
533	39.0
534	39.75
535	41.25
536	41.25
537	40.5
538	41.25
539	42.0
540	41.25
541	39.75
542	39.0
543	39.0
544	39.0
545	39.0
546	39.0
547	39.0
548	39.0
549	39.0
550	39.0
551	39.0
552	39.0
553	39.0
554	39.0
555	39.75
556	41.25
557	42.0
558	42.0
559	42.0
560	42.0
561	42.0
562	41.25
563	40.5
564	40.5
565	39.75
566	39.0
567	39.0
568	39.0
569	39.0
570	39.0
571	39.0
572	39.75
573	41.25
574	42.0
575	42.0
576	42.0
577	42.0
578	42.75
579	43.5
580	43.5
581	44.25
582	45.0
583	44.25
584	42.75
585	42.0
586	42.0
587	42.0
588	42.0
589	42.0
590	41.25
591	39.75
592	39.75
593	40.5
594	39.75
595	39.0
596	39.0
597	39.0
598	39.75
599	41.25
600	41.25
601	40.5
602	41.25
603	41.25
604	40.5
605	40.5
606	39.75
607	39.0
608	39.0
609	39.0
610	39.0
611	39.0
612	39.0
613	39.0
614	39.0
615	39.0
616	39.0
617	39.0
618	39.0
619	39.0
620	39.0
621	39.75
622	41.25
623	42.0
624	42.0
625	42.0
626	41.25
627	41.25
628	42.75
629	42.75
630	42.0
631	41.25
632	40.5
633	40.5
634	39.75
635	39.0
636	39.0
637	39.75
638	42.0
639	43.5
640	42.75
641	42.0
642	42.0
643	42.0
644	42.0
645	42.0
646	42.0
647	42.0
648	42.0
649	42.0
650	42.0
651	42.0
652	42.0
653	41.25
654	39.75
655	39.0
656	39.0
657	39.0
658	39.0
659	39.0
660	39.0
661	39.0
662	39.0
663	39.75
664	41.25
665	42.0
666	42.0
667	42.0
668	42.0
669	42.0
670	42.0
671	41.25
672	39.75
673	39.0
674	39.0
675	39.75
676	40.5
677	39.75
678	39.0
679	39.0
680	39.0
681	39.0
682	39.0
683	39.0
684	39.0
685	39.75
686	40.5
687	39.75
688	39.0
689	39.75
690	41.25
691	42.0
692	42.0
693	41.25
694	40.5
695	40.5
696	39.75
697	39.0
698	39.0
699	39.0
700	39.0
701	39.0
702	39.0
703	39.0
704	39.0
705	39.0
706	39.75
707	41.25
708	42.0
709	42.75
710	44.25
711	44.25
712	42.75
713	42.0
714	42.0
715	42.0
716	42.0
717	41.25
718	39.75
719	39.75
720	41.25
721	42.0
722	41.25
723	39.75
724	39.0
725	39.0
726	39.75
727	40.5
728	40.5
729	41.25
730	42.0
731	42.0
732	42.0
733	42.0
734	42.0
735	42.75
736	43.5
737	42.75
738	41.25
739	39.75
740	39.0
741	39.0
742	39.0
743	39.0
744	39.0
745	39.0
746	39.75
747	40.5
748	39.75
749	39.0
750	39.0
751	39.0
752	39.0
753	39.75
754	41.25
755	42.0
756	42.75
757	43.5
758	42.75
759	42.0
760	42.0
761	42.0
762	41.25
763	39.75
764	39.0
765	39.0
766	39.0
767	39.0
768	39.0
769	39.0
770	39.0
771	39.0
772	39.0
773	39.0
774	39.0
775	39.75
776	41.25
777	42.0
778	42.75
779	43.5
780	42.75
781	42.0
782	42.0
783	42.0
784	41.25
785	39.75
786	39.0
787	39.0
788	39.0
789	39.0
790	39.75
791	41.25
792	42.0
793	42.0
794	42.0
795	42.0
796	42.0
797	42.0
798	42.0
799	42.75
800	44.25
801	45.0
802	45.0
803	44.25
804	42.75
805	42.75
806	44.25
807	44.25
808	42.75
809	42.0
810	41.25
811	39.75
812	39.75
813	41.25
814	42.0
815	42.75
816	43.5
817	42.75
818	42.0
819	42.0
820	42.0
821	42.0
822	42.0
823	42.0
824	42.0
825	41.25
826	39.75
827	39.0
828	39.0
829	39.0
830	39.0
831	38.25
832	36.75
833	36.75
834	38.25
835	39.0
836	39.0
837	39.0
838	39.0
839	39.75
840	40.5
841	40.5
842	41.25
843	41.25
844	39.75
845	39.0
846	39.0
847	39.0
848	39.0
849	39.0
850	39.75
851	41.25
852	41.25
853	39.75
854	39.0
855	39.75
856	40.5
857	39.75
858	39.0
859	39.75
860	41.25
861	42.0
862	42.0
863	42.75
864	43.5
865	42.75
866	42.0
867	42.0
868	42.0
869	42.0
870	42.0
871	42.0
872	42.0
873	41.25
874	40.5
875	41.25
876	42.0
877	42.0
878	42.0
879	42.0
880	42.0
881	42.75
882	43.5
883	42.75
884	42.0
885	42.0
886	42.0
887	42.75
888	43.5
889	42.75
890	42.0
891	42.0
892	41.25
893	39.75
894	39.0
895	39.0
896	39.0
897	39.0
898	39.0
899	39.0
900	39.0
901	39.0
902	39.75
903	40.5
904	39.75
905	39.0
906	39.75
907	41.25
908	42.0
909	42.0
910	42.0
911	42.0
912	41.25
913	39.75
914	39.0
915	39.0
916	39.0
917	39.0
918	38.25
919	36.75
920	36.75
921	38.25
922	38.25
923	37.5
924	38.25
925	39.0
926	39.0
927	39.0
928	39.0
929	39.75
930	41.25
931	42.0
932	41.25
933	40.5
934	41.25
935	42.0
936	41.25
937	39.75
938	39.0
939	39.0
940	39.0
941	39.0
942	39.75
943	41.25
944	42.0
945	42.0
946	42.0
947	42.0
948	42.0
949	42.75
950	44.25
951	45.0
952	45.0
953	44.25
954	42.75
955	42.0
956	42.0
957	42.0
958	42.0
959	41.25
960	39.75
961	39.0
962	39.75
963	40.5
964	40.5
965	40.5
966	39.75
967	39.75
968	41.25
969	42.0
970	42.0
971	42.0
972	42.0
973	42.0
974	42.0
975	42.0
976	42.0
977	42.0
978	41.25
979	39.75
980	39.0
981	39.0
982	39.0
983	39.0
984	39.0
985	39.75
986	41.25
987	41.25
988	39.75
989	39.0
990	39.0
991	39.0
992	39.75
993	42.0
994	43.5
995	42.75
996	42.0
997	42.0
998	42.0
999	41.25
1000	39.75
1001	39.0
1002	39.0
1003	39.0
1004	39.0
1005	39.0
1006	39.0
1007	39.0
1008	39.0
1009	39.0
1010	39.0
1011	39.0
1012	39.75
1013	41.25
1014	42.0
1015	42.0
1016	42.0
1017	42.0
1018	42.0
1019	42.0
1020	42.0
1021	42.0
1022	42.0
1023	42.0
1024	41.25
1025	39.75
1026	39.0
1027	39.0
1028	39.0
1029	39.0
1030	39.0
1031	39.0
1032	39.75
1033	41.25
1034	42.0
1035	42.0
1036	42.75
1037	43.5
1038	42.75
1039	42.0
1040	42.0
1041	42.0
1042	42.0
1043	42.0
1044	42.0
1045	42.0
1046	42.0
1047	42.0
1048	42.0
1049	41.25
1050	39.75
1051	39.0
1052	39.75
1053	40.5
1054	39.75
1055	39.75
1056	41.25
1057	42.0
1058	42.0
1059	42.0
1060	42.0
1061	42.0
1062	42.0
1063	42.0
1064	42.0
1065	42.0
1066	42.0
1067	42.0
1068	42.0
1069	41.25
1070	39.75
1071	39.0
1072	39.0
1073	39.0
1074	39.0
1075	39.0
1076	39.0
1077	39.0
1078	39.0
1079	39.0
1080	39.75
1081	41.25
1082	42.0
1083	42.0
1084	41.25
1085	39.75
1086	39.0
1087	39.0
1088	39.0
1089	39.0
1090	39.0
1091	38.25
1092	36.75
1093	36.75
1094	38.25
1095	39.0
1096	39.0
1097	39.0
1098	39.0
1099	39.0
1100	39.75
1101	40.5
1102	39.75
1103	39.75
1104	41.25
1105	42.0
1106	42.0
1107	42.0
1108	42.0
1109	42.0
1110	42.0
1111	41.25
1112	40.5
1113	41.25
1114	42.0
1115	42.0
1116	42.0
1117	42.0
1118	42.0
1119	42.0
1120	42.0
1121	42.0
1122	42.75
1123	44.25
1124	45.0
1125	45.0
1126	45.0
1127	45.0
1128	45.0
1129	44.25
1130	42.75
1131	42.0
1132	42.0
1133	42.0
1134	42.75
1135	43.5
1136	42.75
1137	41.25
1138	39.75
1139	39.75
1140	40.5
1141	39.75
1142	39.0
1143	39.75
1144	41.25
1145	42.0
1146	42.0
1147	42.0
1148	42.0
1149	42.0
1150	41.25
1151	39.75
1152	39.0
1153	39.0
1154	39.0
1155	39.0
1156	39.0
1157	38.25
1158	36.75
1159	36.0
1160	36.75
1161	37.5
1162	37.5
1163	37.5
1164	37.5
1165	38.25
1166	39.0
1167	39.75
1168	40.5
1169	39.75
1170	39.0
1171	39.0
1172	39.0
1173	39.0
1174	39.0
1175	39.0
1176	39.0
1177	39.0
1178	39.0
1179	39.0
1180	39.0
1181	39.0
1182	39.0
1183	39.0
1184	39.0
1185	39.75
1186	41.25
1187	42.0
1188	42.0
1189	42.75
1190	44.25
1191	45.0
1192	45.0
1193	45.0
1194	45.0
1195	45.0
1196	45.0
1197	45.0
1198	44.25
1199	42.75
1200	42.0
1201	42.0
1202	42.0
1203	42.0
1204	42.0
1205	42.0
1206	42.0
1207	42.0
1208	42.75
1209	44.25
1210	45.0
1211	44.25
1212	43.5
1213	44.25
1214	45.0
1215	44.25
1216	42.75
1217	42.0
1218	42.0
1219	41.25
1220	39.0
1221	37.5
1222	38.25
1223	39.0
1224	39.0
1225	39.0
1226	39.0
1227	38.25
1228	36.75
1229	36.75
1230	38.25
1231	39.0
1232	39.0
1233	39.0
1234	39.0
1235	39.0
1236	39.0
1237	39.0
1238	39.0
1239	39.0
1240	39.0
1241	39.0
1242	39.0
1243	39.0
1244	39.0
1245	39.0
1246	39.0
1247	39.0
1248	39.0
1249	39.0
1250	39.0
1251	39.0
1252	39.0
1253	39.0
1254	39.75
1255	41.25
1256	42.0
1257	42.0
1258	42.75
1259	43.5
1260	42.75
1261	42.0
1262	42.0
1263	41.25
1264	39.75
1265	39.0
1266	39.75
1267	41.25
1268	41.25
1269	39.75
1270	39.75
1271	41.25
1272	42.0
1273	42.0
1274	42.0
1275	42.0
1276	42.0
1277	42.0
1278	42.0
1279	42.75
1280	44.25
1281	45.0
1282	44.25
1283	42.75
1284	42.0
1285	42.0
1286	42.0
1287	41.25
1288	39.75
1289	39.75
1290	41.25
1291	41.25
1292	40.5
1293	40.5
1294	40.5
1295	41.25
1296	42.0
1297	42.0
1298	42.0
1299	42.0
1300	42.0
1301	42.0
1302	42.0
1303	42.0
1304	42.0
1305	42.0
1306	42.0
1307	41.25
1308	39.75
1309	39.0
1310	39.0
1311	39.0
1312	39.0
1313	39.0
1314	39.75
1315	40.5
1316	39.75
1317	39.0
1318	39.0
1319	39.0
1320	39.0
1321	39.0
1322	40.5
1323	42.75
1324	42.75
1325	42.0
1326	41.25
1327	39.75
1328	39.75
1329	40.5
1330	39.75
1331	38.25
1332	37.5
1333	38.25
1334	39.0
1335	39.0
1336	39.0
1337	39.0
1338	39.0
1339	39.0
1340	39.75
1341	41.25
1342	42.0
1343	42.0
1344	42.0
1345	42.75
1346	43.5
1347	42.75
1348	42.0
1349	42.0
1350	42.0
1351	41.25
1352	39.75
1353	39.0
1354	39.0
1355	39.0
1356	39.0
1357	39.0
1358	39.75
1359	41.25
1360	42.0
1361	41.25
1362	40.5
1363	41.25
1364	42.0
1365	42.0
1366	42.75
1367	43.5
1368	42.75
1369	42.0
1370	42.0
1371	42.0
1372	42.0
1373	42.0
1374	41.25
1375	39.75
1376	39.0
1377	39.0
1378	39.0
1379	39.0
1380	39.0
1381	40.5
1382	42.0
1383	40.5
1384	39.75
1385	40.5
1386	40.5
1387	41.25
1388	42.0
1389	42.0
1390	42.0
1391	42.0
1392	42.0
1393	42.0
1394	41.25
1395	39.75
1396	39.0
1397	39.0
1398	39.0
1399	39.0
1400	39.0
1401	39.0
1402	39.0
1403	39.0
1404	39.0
1405	39.0
1406	39.75
1407	41.25
1408	42.0
1409	41.25
1410	39.75
1411	39.0
1412	39.0
1413	39.0
1414	39.75
1415	41.25
1416	42.0
1417	42.0
1418	42.0
1419	42.0
1420	42.0
1421	42.0
1422	42.0
1423	42.0
1424	42.0
1425	42.0
1426	42.0
1427	41.25
1428	39.75
1429	39.0
1430	39.0
1431	39.0
1432	39.0
1433	39.0
1434	39.0
1435	39.0
1436	39.0
1437	39.0
1438	39.0
1439	39.75
1440	40.5
1441	39.75
1442	39.75
1443	41.25
1444	42.0
1445	42.0
1446	42.0
1447	42.0
1448	42.0
1449	42.0
1450	42.0
1451	41.25
1452	39.75
1453	39.0
1454	39.0
1455	39.0
1456	38.25
1457	37.5
1458	38.25
1459	39.0
1460	40.5
1461	42.75
1462	42.75
1463	42.0
1464	42.0
1465	42.0
1466	42.0
1467	41.25
1468	40.5
1469	41.25
1470	42.0
1471	41.25
1472	39.75
1473	39.0
1474	39.0
1475	39.75
1476	40.5
1477	39.75
1478	39.75
1479	40.5
1480	39.75
1481	39.0
1482	39.0
1483	40.5
1484	42.75
1485	42.75
1486	42.0
1487	42.0
1488	42.0
1489	42.0
1490	42.0
1491	42.0
1492	42.0
1493	42.0
1494	42.0
1495	42.0
1496	42.0
1497	41.25
1498	39.75
1499	39.0
1500	39.0
1501	39.0
1502	39.0
1503	39.75
1504	41.25
1505	42.0
1506	42.0
1507	42.0
1508	42.0
1509	42.75
1510	43.5
1511	42.75
1512	42.0
1513	42.0
1514	42.0
1515	42.0
1516	41.25
1517	39.75
1518	39.0
1519	39.0
1520	39.0
1521	39.0
1522	39.0
1523	39.0
1524	39.0
1525	39.0
1526	39.0
1527	39.0
1528	39.0
1529	39.0
1530	39.75
1531	41.25
1532	42.0
1533	42.0
1534	42.0
1535	41.25
1536	39.75
1537	39.0
1538	39.0
1539	39.0
1540	39.0
1541	39.0
1542	39.0
1543	39.0
1544	39.0
1545	39.0
1546	39.75
1547	40.5
1548	39.75
1549	39.0
1550	39.75
1551	41.25
1552	42.0
1553	42.0
1554	42.0
1555	42.75
1556	43.5
1557	42.75
1558	42.0
1559	42.0
1560	42.0
1561	41.25
1562	40.5
1563	40.5
1564	39.75
1565	39.0
1566	39.0
1567	39.75
1568	41.25
1569	42.0
1570	42.0
1571	42.0
1572	42.0
1573	42.0
1574	42.75
1575	43.5
1576	42.75
1577	42.0
1578	42.75
1579	43.5
1580	42.75
1581	42.0
1582	42.0
1583	42.0
1584	41.25
1585	39.75
1586	39.0
1587	39.0
1588	39.0
1589	39.0
1590	39.75
1591	41.25
1592	42.0
1593	42.0
1594	42.0
1595	42.0
1596	42.0
1597	42.0
1598	42.0
1599	42.0
1600	41.25
1601	39.75
1602	39.0
1603	39.0
1604	39.0
1605	39.0
1606	39.0
1607	39.0
1608	39.0
1609	39.0
1610	39.0
1611	39.0
1612	39.0
1613	39.0
1614	39.0
1615	39.0
1616	39.75
1617	40.5
1618	40.5
1619	41.25
1620	42.0
1621	42.0
1622	41.25
1623	40.5
1624	40.5
1625	39.75
1626	39.0
1627	39.0
1628	39.0
1629	39.0
1630	39.0
1631	39.0
1632	39.0
1633	39.75
1634	41.25
1635	42.0
1636	42.75
1637	44.25
1638	44.25
1639	43.5
1640	43.5
1641	42.75
1642	42.0
1643	42.0
1644	42.0
1645	42.0
1646	42.0
1647	42.0
1648	42.0
1649	42.0
1650	530.25
1651	1416.0
1652	1765.5
1653	1651.5
1654	1572.0
1655	1477.5
1656	1303.5
1657	1079.25
1658	981.0
1659	1848.0
1660	2965.5
1661	2654.25
1662	2054.25
1663	1791.0
1664	1354.5
1665	1836.75
1666	2588.25
1667	2301.0
1668	1560.75
1669	1250.25
1670	1328.25
1671	1317.75
1672	1808.25
1673	2668.5
1674	2952.0
1675	2827.5
1676	2589.75
1677	2305.5
1678	1926.75
1679	1527.75
1680	1681.5
1681	2137.5
1682	2032.5
1683	1184.296875
1684	481.59375
1685	734.296875
1686	1834.5
1687	3007.5
1688	2616.75
1689	1278.0
1690	1260.0
1691	2380.5
1692	2793.75
1693	1877.25
1694	1211.25
1695	1688.25
1696	2130.75
1697	2142.75
1698	2226.0
1699	1923.75
1700	1602.75
1701	1633.5
1702	1592.25
1703	1782.75
1704	1848.75
1705	1413.75
1706	1274.25
1707	1699.5
1708	1750.5
1709	1372.5
1710	1338.75
1711	1416.75
1712	1271.25
1713	853.5
1714	686.25
1715	1240.5
1716	1272.796875
1717	719.34375
1718	999.796875
1719	1332.0
1720	732.046875
1721	482.34375
1722	840.046875
1723	757.5
1724	581.25
1725	390.046875
1726	396.09375
1727	867.046875
1728	844.5
1729	558.0
1730	429.046875
1731	300.84375
1732	419.296875
1733	513.0
1734	528.0
1735	492.796875
1736	315.09375
1737	327.796875
1738	326.25
1739	399.0
1740	582.0
1741	399.0
1742	480.0
1743	834.0
1744	750.75
1745	504.75
1746	384.0
1747	404.25
1748	435.75
1749	522.75
1750	492.046875
1751	259.59375
1752	252.796875
1753	363.75
1754	356.25
1755	330.0
1756	327.75
1757	192.046875
1758	204.09375
1759	357.84375
1760	256.59375
1761	126.84375
1762	199.59375
1763	327.796875
1764	331.5
1765	615.75
1766	804.75
1767	523.5
1768	481.5
1769	417.0
1770	309.75
1771	548.25
1772	614.25
1773	440.25
1774	334.5
1775	383.25
1776	618.0
1777	612.75
1778	549.75
1779	601.5
1780	491.25
1781	678.0
1782	823.5
1783	594.0
1784	574.5
1785	665.25
1786	556.5
1787	512.25
1788	648.75
1789	757.5
1790	768.75
1791	736.5
1792	777.75
1793	702.75
1794	684.0
1795	774.75
1796	618.0
1797	636.0
1798	731.25
1799	721.5
1800	786.0
1801	731.25
1802	612.75
1803	576.0
1804	701.25
1805	685.5
1806	594.0
1807	684.75
1808	603.0
1809	504.0
1810	629.25
1811	594.0
1812	467.25
1813	483.0
1814	522.0
1815	585.0
1816	508.5
1817	471.75
1818	519.75
1819	381.75
1820	395.25
1821	493.5
1822	395.25
1823	414.0
1824	424.5
1825	322.5
1826	465.75
1827	457.546875
1828	268.59375
1829	217.59375
1830	176.34375
1831	265.546875
1832	296.25
1833	234.75
1834	180.796875
1835	135.84375
1836	188.296875
1837	189.0
1838	109.546875
1839	66.84375
1840	36.09375
1841	-48.65625
1842	13.546875
1843	131.25
1844	66.796875
1845	-28.359375
1846	-44.859375
1847	-54.65625
1848	-47.90625
1849	59.296875
1850	88.546875
1851	46.59375
1852	46.59375
1853	-1.40625
1854	18.796875
1855	26.296875
1856	29.34375
1857	102.09375
1858	44.390625
1859	54.890625
1860	114.84375
1861	75.09375
1862	130.546875
1863	94.546875
1864	91.59375
1865	230.34375
1866	158.34375
1867	150.796875
1868	215.296875
1869	178.59375
1870	238.546875
1871	238.5
1872	214.5
1873	234.0
1874	198.75
1875	243.0
1876	300.0
1877	270.75
1878	294.75
1879	269.296875
1880	202.59375
1881	247.546875
1882	285.0
1883	336.75
1884	292.5
1885	207.75
1886	261.75
1887	336.0
1888	399.75
1889	356.25
1890	306.75
1891	307.5
1892	333.0
1893	443.25
1894	484.5
1895	434.25
1896	396.0
1897	406.5
1898	468.75
1899	489.0
1900	471.0
1901	509.25
1902	449.25
1903	425.25
1904	502.5
1905	480.75
1906	457.5
1907	390.0
1908	351.75
1909	417.0
1910	401.25
1911	373.5
1912	378.75
1913	342.75
1914	378.0
1915	378.0
1916	269.25
1917	275.25
1918	356.25
1919	391.5
1920	318.0
1921	249.75
1922	318.0
1923	340.5
1924	321.0
1925	288.75
1926	249.75
1927	245.25
1928	253.5
1929	291.75
1930	251.25
1931	169.5
1932	151.5
1933	142.5
1934	104.25
1935	75.0
1936	101.25
1937	114.0
1938	53.296875
1939	11.34375
1940	45.046875
1941	36.796875
1942	-2.90625
1943	-23.90625
1944	-68.859375
1945	-41.859375
1946	-15.65625
1947	-35.15625
1948	2.34375
1949	-35.859375
1950	-63.609375
1951	-23.90625
1952	-62.109375
1953	-56.0625
1954	-57.5625
1955	-105.5625
1956	-108.5625
1957	-83.859375
1958	-23.90625
1959	-29.109375
1960	-83.8125
1961	-78.5625
1962	-32.859375
1963	-44.90625
1964	-50.90625
1965	-2.90625
1966	-8.90625
1967	-7.40625
1968	0.890625
1969	-4.359375
1970	24.796875
1971	67.5
1972	47.296875
1973	8.34375
1974	50.296875
1975	104.25
1976	128.25
1977	76.546875
1978	50.34375
1979	112.546875
1980	111.75
1981	132.75
1982	132.796875
1983	59.34375
1984	90.796875
1985	129.0
1986	165.0
1987	203.25
1988	135.0
1989	132.0
1990	183.0
1991	202.5
1992	237.75
1993	236.25
1994	256.5
1995	265.5
1996	211.5
1997	255.0
1998	331.5
1999	315.75
2000	288.75
2001	249.75
2002	235.5
2003	293.25
2004	309.75
2005	270.0
2006	212.25
2007	198.0
2008	246.0
2009	249.75
2010	240.0
2011	228.75
2012	220.5
2013	215.25
2014	192.0
2015	198.75
2016	190.5
2017	194.25
2018	239.25
2019	222.0
2020	157.5
2021	137.25
2022	156.0
2023	157.5
2024	99.0
2025	79.5
2026	95.296875
2027	67.59375
2028	79.546875
2029	81.75
2030	51.75
2031	29.296875
2032	16.59375
2033	53.296875
2034	48.046875
2035	22.59375
2036	41.296875
2037	19.546875
2038	2.34375
2039	25.546875
2040	30.0
2041	7.546875
2042	-27.609375
2043	-20.859375
2044	15.796875
2045	20.25
2046	3.796875
2047	-29.859375
2048	-53.0625
2049	-23.109375
2050	7.59375
2051	-16.359375
2052	-73.3125
2053	-94.3125
2054	-37.359375
2055	-10.40625
2056	-43.359375
2057	-52.3125
2058	-55.3125
2059	-29.859375
2060	-18.65625
2061	-44.15625
2062	-22.40625
2063	-17.859375
2064	-20.859375
2065	24.046875
2066	59.25
2067	56.25
2068	43.5
2069	42.0
2070	28.5
2071	48.75
2072	68.296875
2073	60.84375
2074	76.59375
2075	72.84375
2076	87.796875
2077	91.5
2078	93.0
2079	135.0
2080	146.25
2081	170.25
2082	183.75
2083	159.75
2084	159.75
2085	175.5
2086	197.25
2087	205.5
2088	195.0
2089	184.5
2090	183.0
2091	207.0
2092	218.25
2093	198.75
2094	168.75
2095	169.5
2096	203.25
2097	201.75
2098	211.5
2099	206.25
2100	190.5
2101	217.5
2102	182.25
2103	153.75
2104	187.5
2105	207.75
2106	205.5
2107	146.25
2108	92.25
2109	132.75
2110	163.5
2111	156.0
2112	141.75
2113	99.75
2114	96.0
2115	84.75
2116	63.0
2117	87.0
2118	90.0
2119	73.5
2120	22.546875
2121	-20.90625
2122	18.046875
2123	61.5
2124	66.0
2125	32.296875
2126	0.84375
2127	6.84375
2128	3.84375
2129	5.296875
2130	3.046875
2131	-16.40625
2132	-35.15625
2133	-55.359375
2134	-47.8125
2135	-41.8125
2136	-30.609375
2137	-14.15625
2138	-51.609375
2139	-83.0625
2140	-77.8125
2141	-47.109375
2142	-20.15625
2143	-20.15625
2144	-36.65625
2145	-81.609375
2146	-74.8125
2147	-20.109375
2148	6.046875
2149	-20.203125
2150	-47.15625
2151	-31.40625
2152	-47.859375
2153	-49.359375
2154	-14.15625
2155	4.59375
2156	1.59375
2157	-9.65625
2158	12.09375
2159	15.84375
2160	27.796875
2161	53.296875
2162	41.34375
2163	34.59375
2164	30.84375
2165	54.046875
2166	60.796875
2167	38.34375
2168	57.796875
2169	69.75
2170	73.5
2171	78.75
2172	90.75
2173	121.5
2174	123.0
2175	122.25
2176	126.75
2177	121.5
2178	115.5
2179	135.75
2180	174.0
2181	162.0
2182	139.5
2183	133.5
2184	147.0
2185	185.25
2186	191.25
2187	164.25
2188	139.5
2189	147.0
2190	163.5
2191	168.0
2192	159.0
2193	147.0
2194	168.0
2195	166.5
2196	160.5
2197	163.5
2198	154.5
2199	168.75
2200	134.25
2201	100.5
2202	108.75
2203	108.75
2204	120.75
2205	95.25
2206	71.25
2207	72.0
2208	62.25
2209	68.25
2210	75.75
2211	95.25
2212	89.25
2213	48.75
2214	25.546875
2215	9.09375
2216	18.796875
2217	41.25
2218	39.0
2219	15.796875
2220	6.09375
2221	29.296875
2222	46.5
2223	40.546875
2224	3.140625
2225	-18.609375
2226	-0.65625
2227	2.34375
2228	-9.65625
2229	-23.109375
2230	-20.109375
2231	-13.40625
2232	-28.359375
2233	-38.8125
2234	-39.5625
2235	-26.859375
2236	-21.65625
2237	-35.859375
2238	-44.0625
2239	-45.5625
2240	-23.109375
2241	3.796875
2242	12.75
2243	10.546875
2244	5.34375
2245	4.59375
2246	-2.15625
2247	17.296875
2248	42.0
2249	33.75
2250	18.046875
2251	23.34375
2252	55.546875
2253	63.0
2254	52.5
2255	43.5
2256	43.5
2257	75.0
2258	81.0
2259	59.25
2260	42.75
2261	50.25
2262	78.75
2263	70.5
2264	62.25
2265	72.75
2266	84.75
2267	100.5
2268	87.75
2269	85.5
2270	90.75
2271	86.25
2272	102.0
2273	105.0
2274	102.0
2275	109.5
2276	115.5
2277	126.0
2278	125.25
2279	128.25
2280	138.75
2281	128.25
2282	115.5
2283	123.0
2284	132.75
2285	134.25
2286	138.0
2287	132.0
2288	123.0
2289	114.0
2290	116.25
2291	127.5
2292	111.0
2293	89.25
2294	72.75
2295	69.75
2296	75.0
2297	78.75
2298	87.0
2299	72.0
2300	64.5
2301	57.796875
2302	42.09375
2303	63.046875
2304	73.5
2305	65.25
2306	48.046875
2307	15.84375
2308	28.546875
2309	49.5
2310	47.25
2311	36.046875
2312	4.59375
2313	-2.203125
2314	12.0
2315	29.25
2316	31.546875
2317	6.84375
2318	-9.65625
2319	-11.15625
2320	5.296875
2321	3.046875
2322	-7.40625
2323	-0.65625
2324	-5.15625
2325	-24.65625
2326	-29.90625
2327	10.546875
2328	21.046875
2329	0.09375
2330	-3.65625
2331	-9.65625
2332	2.296875
2333	11.25
2334	8.25
2335	11.25
2336	6.75
2337	-5.953125
2338	-7.40625
2339	4.59375
2340	15.84375
2341	32.296875
2342	32.25
2343	21.0
2344	29.25
2345	45.0
2346	61.5
2347	68.25
2348	67.5
2349	69.0
2350	60.75
2351	51.75
2352	63.75
2353	79.5
2354	79.5
2355	78.75
2356	72.0
2357	60.0
2358	71.25
2359	86.25
2360	93.0
2361	90.75
2362	69.75
2363	75.0
2364	84.0
2365	85.5
2366	102.75
2367	96.75
2368	84.0
2369	87.75
2370	107.25
2371	112.5
2372	96.75
2373	88.5
2374	75.0
2375	69.75
2376	74.25
2377	83.25
2378	92.25
2379	90.0
2380	95.25
2381	81.0
2382	56.25
2383	57.75
2384	74.25
2385	87.75
2386	73.5
2387	61.5
2388	65.25
2389	64.5
2390	60.0
2391	57.75
2392	71.25
2393	61.5
2394	37.5
2395	36.75
2396	43.5
2397	63.0
2398	63.75
2399	44.25
2400	30.046875
2401	26.34375
2402	44.296875
2403	45.75
2404	37.5
2405	24.046875
2406	9.84375
2407	12.09375
2408	4.59375
2409	18.796875
2410	24.796875
2411	17.34375
2412	22.59375
2413	7.59375
2414	8.296875
2415	10.546875
2416	19.59375
2417	33.09375
2418	10.59375
2419	-4.40625
2420	-5.15625
2421	6.796875
2422	18.75
2423	17.25
2424	23.25
2425	25.5
2426	19.5
2427	12.0
2428	13.5
2429	17.296875
2430	14.34375
2431	14.296875
2432	8.25
2433	16.5
2434	33.75
2435	38.25
2436	34.546875
2437	20.34375
2438	30.796875
2439	42.75
2440	39.0
2441	44.25
2442	45.0
2443	51.75
2444	45.75
2445	34.5
2446	38.25
2447	50.25
2448	69.75
2449	63.75
2450	48.75
2451	50.25
2452	73.5
2453	91.5
2454	77.25
2455	67.5
2456	69.75
2457	80.25
2458	83.25
2459	83.25
2460	90.0
2461	77.25
2462	71.25
2463	73.5
2464	73.5
2465	88.5
2466	101.25
2467	99.75
2468	78.0
2469	66.0
2470	72.75
2471	78.75
2472	87.75
2473	75.75
2474	70.5
2475	72.75
2476	64.5
2477	74.25
2478	68.25
2479	63.0
2480	75.75
2481	73.5
2482	66.0
2483	63.0
2484	78.0
2485	87.0
2486	69.0
2487	38.296875
2488	31.59375
2489	49.546875
2490	45.0
2491	42.75
2492	39.75
2493	33.0
2494	35.25
2495	28.5
2496	27.75
2497	27.75
2498	34.5
2499	33.046875
2500	15.09375
2501	8.34375
2502	15.09375
2503	38.296875
2504	34.546875
2505	18.09375
2506	17.34375
2507	9.84375
2508	21.046875
2509	25.5
2510	13.5
2511	10.546875
2512	8.34375
2513	12.046875
2514	18.75
2515	24.75
2516	24.0
2517	20.25
2518	17.296875
2519	15.09375
2520	26.296875
2521	42.75
2522	53.25
2523	41.25
2524	30.0
2525	36.0
2526	34.5
2527	49.5
2528	52.546875
2529	37.59375
2530	36.09375
2531	31.59375
2532	42.046875
2533	40.5
2534	39.75
2535	57.0
2536	54.75
2537	50.25
2538	38.25
2539	44.25
2540	67.5
2541	72.0
2542	64.5
2543	46.5
2544	52.5
2545	72.0
2546	80.25
2547	79.5
2548	67.5
2549	69.0
2550	70.5
2551	63.75
2552	63.75
2553	74.25
2554	82.5
2555	66.0
2556	50.25
2557	54.0
2558	77.25
2559	92.25
2560	77.25
2561	65.25
2562	57.75
2563	67.5
2564	79.5
2565	70.5
2566	73.5
2567	69.0
2568	62.25
2569	63.75
2570	63.75
2571	78.0
2572	79.5
2573	62.25
2574	45.75
2575	44.25
2576	54.0
2577	60.0
2578	58.5
2579	52.5
2580	53.25
2581	43.5
2582	45.75
2583	58.5
2584	54.75
2585	61.5
2586	57.75
2587	45.0
2588	39.0
2589	42.0
2590	61.5
2591	57.75
2592	42.75
2593	32.296875
2594	25.59375
2595	42.796875
2596	52.5
2597	42.0
2598	22.546875
2599	14.34375
2600	24.046875
2601	18.75
2602	16.5
2603	24.0
2604	29.25
2605	29.296875
2606	13.59375
2607	12.796875
2608	24.0
2609	31.5
2610	31.546875
2611	18.09375
2612	14.296875
2613	18.75
2614	24.75
2615	30.75
2616	36.0
2617	35.25
2618	27.0
2619	21.046875
2620	18.09375
2621	36.046875
2622	47.25
2623	35.25
2624	25.546875
2625	24.84375
2626	41.296875
2627	48.0
2628	52.5
2629	56.25
2630	42.75
2631	42.75
2632	47.25
2633	57.0
2634	65.25
2635	55.5
2636	49.5
2637	42.75
2638	39.0
2639	51.0
2640	57.0
2641	47.25
2642	53.25
2643	67.5
2644	62.25
2645	63.0
2646	69.0
2647	66.75
2648	76.5
2649	76.5
2650	66.75
2651	76.5
2652	67.5
2653	47.25
2654	48.75
2655	50.25
2656	56.25
2657	63.0
2658	54.0
2659	51.0
2660	47.25
2661	30.75
2662	33.75
2663	41.25
2664	26.25
2665	20.25
2666	25.5
2667	33.75
2668	41.25
2669	25.5
2670	23.25
2671	31.546875
2672	18.09375
2673	24.046875
2674	31.546875
2675	14.34375
2676	9.796875
2677	9.046875
2678	9.84375
2679	32.296875
2680	33.796875
2681	12.09375
2682	12.046875
2683	14.25
2684	15.0
2685	24.75
2686	21.75
2687	27.75
2688	45.0
2689	45.0
2690	56.25
2691	69.75
2692	56.25
2693	57.0
2694	72.0
2695	75.0
2696	78.75
2697	73.5
2698	70.5
2699	81.75
2700	76.5
2701	72.0
2702	87.0
2703	90.75
2704	84.75
2705	76.5
2706	65.25
2707	72.0
2708	74.25
2709	57.75
2710	57.0
2711	63.0
2712	57.0
2713	56.25
2714	57.75
2715	48.75
2716	35.25
2717	24.75
2718	30.75
2719	43.5
2720	36.0
2721	26.25
2722	25.5
2723	22.5
2724	27.0
2725	24.75
2726	14.25
2727	12.75
2728	0.796875
2729	-5.90625
2730	11.296875
2731	13.546875
2732	2.34375
2733	12.046875
2734	25.5
2735	27.75
2736	27.75
2737	23.25
2738	30.75
2739	36.0
2740	21.75
2741	26.25
2742	42.75
2743	51.0
2744	56.25
2745	47.25
2746	47.25
2747	59.25
2748	52.5
2749	49.5
2750	56.25
2751	54.75
2752	61.5
2753	68.25
2754	66.75
2755	76.5
2756	74.25
2757	59.25
2758	71.25
2759	87.0
2760	83.25
2761	83.25
2762	81.0
2763	76.5
2764	73.5
2765	63.75
2766	69.75
2767	80.25
2768	71.25
2769	58.5
2770	52.5
2771	54.75
2772	57.0
2773	49.5
2774	46.5
2775	47.25
2776	36.0
2777	33.0
2778	40.5
2779	33.0
2780	24.0
2781	16.546875
2782	8.34375
2783	20.296875
2784	24.796875
2785	9.84375
2786	18.046875
2787	30.75
2788	24.0
2789	24.75
2790	24.0
2791	18.75
2792	16.5
2793	7.5
2794	13.5
2795	31.5
2796	28.5
2797	21.75
2798	25.5
2799	27.75
2800	35.25
2801	36.0
2802	33.0
2803	43.5
2804	43.5
2805	41.25
2806	54.75
2807	54.0
2808	45.0
2809	48.75
2810	54.0
2811	66.75
2812	73.5
2813	60.0
2814	61.5
2815	73.5
2816	68.25
2817	68.25
2818	75.0
2819	69.0
2820	62.25
2821	57.75
2822	57.75
2823	62.25
2824	51.0
2825	40.5
2826	48.75
2827	57.0
2828	58.5
2829	52.5
2830	45.0
2831	47.25
2832	44.25
2833	34.5
2834	39.75
2835	41.25
2836	33.75
2837	34.5
2838	29.25
2839	27.75
2840	33.0
2841	25.5
2842	22.5
2843	27.0
2844	20.25
2845	19.5
2846	27.75
2847	25.5
2848	21.75
2849	21.0
2850	24.0
2851	34.5
2852	33.75
2853	27.75
2854	38.25
2855	44.25
2856	39.75
2857	43.5
2858	44.25
2859	46.5
2860	48.75
2861	42.75
2862	55.5
2863	68.25
2864	56.25
2865	48.0
2866	49.5
2867	53.25
2868	61.5
2869	60.75
2870	59.25
2871	72.0
2872	74.25
2873	63.75
2874	63.75
2875	61.5
2876	54.75
2877	58.5
2878	59.25
2879	57.0
2880	54.0
2881	45.75
2882	53.25
2883	58.5
2884	42.0
2885	35.25
2886	39.75
2887	42.0
2888	48.0
2889	47.25
2890	39.75
2891	43.5
2892	42.75
2893	29.25
2894	31.5
2895	35.25
2896	25.5
2897	31.5
2898	38.25
2899	29.25
2900	21.75
2901	18.0
2902	24.75
2903	30.75
2904	22.5
2905	20.25
2906	23.25
2907	21.75
2908	24.75
2909	29.25
2910	31.5
2911	34.5
2912	32.25
2913	35.25
2914	50.25
2915	49.5
2916	39.75
2917	45.0
2918	50.25
2919	54.0
2920	57.75
2921	54.75
2922	58.5
2923	62.25
2924	56.25
2925	60.0
2926	67.5
2927	62.25
2928	57.0
2929	57.75
2930	61.5
2931	63.0
2932	54.75
2933	51.0
2934	57.75
2935	53.25
2936	45.0
2937	47.25
2938	44.25
2939	41.25
2940	41.25
2941	41.25
2942	51.75
2943	50.25
2944	39.0
2945	42.75
2946	40.5
2947	31.5
2948	33.0
2949	33.75
2950	35.25
2951	36.0
2952	24.75
2953	24.75
2954	33.75
2955	30.0
2956	27.0
2957	25.5
2958	25.5
2959	32.25
2960	28.5
2961	21.75
2962	27.0
2963	27.75
2964	29.25
2965	40.5
2966	42.0
2967	36.75
2968	38.25
2969	50.25
2970	63.75
2971	57.0
2972	51.0
2973	63.75
2974	69.75
2975	66.75
2976	65.25
2977	62.25
2978	59.25
2979	58.5
2980	64.5
2981	68.25
2982	56.25
2983	51.0
2984	59.25
2985	57.75
2986	54.0
2987	53.25
2988	45.75
2989	45.0
2990	43.5
2991	36.0
2992	42.0
2993	39.75
2994	24.75
2995	23.25
2996	27.0
2997	28.5
2998	28.5
2999	26.25
3000	29.25
3001	29.25
3002	21.0
3003	22.5
3004	28.5
3005	23.25
3006	22.5
3007	28.5
3008	32.25
3009	36.0
3010	30.75
3011	28.5
3012	40.5
3013	43.5
3014	38.25
3015	40.5
3016	42.75
3017	45.75
3018	48.75
3019	48.0
3020	54.75
3021	59.25
3022	52.5
3023	54.75
3024	63.0
3025	61.5
3026	60.0
3027	60.0
3028	61.5
3029	64.5
3030	60.75
3031	61.5
3032	68.25
3033	66.75
3034	63.75
3035	65.25
3036	63.0
3037	57.75
3038	51.0
3039	47.25
3040	54.0
3041	54.75
3042	45.0
3043	44.25
3044	45.0
3045	39.0
3046	39.75
3047	42.75
3048	40.5
3049	39.0
3050	33.0
3051	27.75
3052	30.0
3053	25.5
3054	21.0
3055	25.5
3056	28.5
3057	29.25
3058	26.25
3059	24.75
3060	30.75
3061	27.75
3062	21.75
3063	25.5
3064	29.25
3065	33.75
3066	33.0
3067	26.25
3068	32.25
3069	40.5
3070	38.25
3071	42.0
3072	46.5
3073	41.25
3074	42.0
3075	48.75
3076	50.25
3077	51.0
3078	51.75
3079	53.25
3080	58.5
3081	55.5
3082	50.25
3083	55.5
3084	60.0
3085	63.0
3086	64.5
3087	65.25
3088	69.75
3089	64.5
3090	57.0
3091	61.5
3092	62.25
3093	57.0
3094	54.75
3095	51.0
3096	50.25
3097	51.0
3098	44.25
3099	43.5
3100	49.5
3101	45.0
3102	40.5
3103	43.5
3104	43.5
3105	40.5
3106	33.75
3107	29.25
3108	33.0
3109	31.5
3110	26.25
3111	27.0
3112	26.25
3113	22.5
3114	18.75
3115	18.75
3116	27.75
3117	30.75
3118	23.25
3119	27.0
3120	33.75
3121	30.0
3122	30.75
3123	33.0
3124	33.0
3125	34.5
3126	31.5
3127	35.25
3128	45.75
3129	44.25
3130	42.0
3131	48.75
3132	52.5
3133	53.25
3134	51.0
3135	48.75
3136	52.5
3137	53.25
3138	51.0
3139	54.75
3140	55.5
3141	50.25
3142	51.75
3143	57.0
3144	60.0
3145	57.75
3146	48.75
3147	48.0
3148	52.5
3149	49.5
3150	47.25
3151	47.25
3152	48.0
3153	48.75
3154	43.5
3155	42.0
3156	46.5
3157	43.5
3158	39.75
3159	42.0
3160	42.75
3161	42.0
3162	39.75
3163	38.25
3164	41.25
3165	37.5
3166	30.0
3167	33.75
3168	39.0
3169	39.0
3170	38.25
3171	36.75
3172	40.5
3173	42.75
3174	37.5
3175	41.25
3176	48.0
3177	42.0
3178	39.0
3179	42.0
3180	41.25
3181	42.0
3182	40.5
3183	41.25
3184	47.25
3185	45.75
3186	43.5
3187	46.5
3188	45.0
3189	42.0
3190	41.25
3191	42.0
3192	46.5
3193	45.75
3194	40.5
3195	43.5
3196	47.25
3197	44.25
3198	42.75
3199	42.0
3200	43.5
3201	45.75
3202	42.0
3203	44.25
3204	49.5
3205	47.25
3206	45.75
3207	45.75
3208	46.5
3209	48.75
3210	48.0
3211	48.75
3212	52.5
3213	50.25
3214	48.75
3215	54.75
3216	57.0
3217	55.5
3218	52.5
3219	47.25
3220	47.25
3221	45.75
3222	40.5
3223	46.5
3224	54.75
3225	53.25
3226	51.75
3227	51.0
3228	50.25
3229	48.0
3230	39.0
3231	35.25
3232	37.5
3233	33.75
3234	31.5
3235	33.0
3236	30.75
3237	28.5
3238	26.25
3239	24.0
3240	25.5
3241	22.5
3242	18.0
3243	23.25
3244	30.0
3245	31.5
3246	30.0
3247	28.5
3248	33.0
3249	37.5
3250	36.0
3251	38.25
3252	43.5
3253	44.25
3254	48.0
3255	54.75
3256	59.25
3257	63.0
3258	60.75
3259	60.75
3260	68.25
3261	67.5
3262	63.0
3263	64.5
3264	64.5
3265	62.25
3266	60.75
3267	60.0
3268	61.5
3269	60.75
3270	57.0
3271	58.5
3272	59.25
3273	52.5
3274	44.25
3275	38.25
3276	36.75
3277	36.0
3278	32.25
3279	32.25
3280	32.25
3281	24.0
3282	19.5
3283	22.5
3284	21.75
3285	20.25
3286	22.5
3287	22.5
3288	20.25
3289	18.0
3290	15.75
3291	19.5
3292	24.75
3293	24.75
3294	26.25
3295	29.25
3296	30.75
3297	31.5
3298	31.5
3299	33.0
